Td	ID	Tj	Df	Dd	Db	Unit_Type
------------------------------------------------------
12	2006	6	0	6	6	AM
------------------------------------------------------
18	2001	6	0	12	12	AM
------------------------------------------------------
25	2007	9	0	16	16	AM
------------------------------------------------------
28	2003	6	0	22	22	AS
------------------------------------------------------
31	104	28	3	0	3	HU
------------------------------------------------------
32	92	26	6	0	6	HU
------------------------------------------------------
33	80	23	10	0	10	HU
------------------------------------------------------
34	65	21	13	0	13	HU
------------------------------------------------------
35	57	20	15	0	15	HU
------------------------------------------------------
36	52	13	23	0	23	HU
------------------------------------------------------
37	2011	9	0	28	28	AM
------------------------------------------------------
37	119	37	0	0	0	HU
------------------------------------------------------
37	103	28	0	9	9	ET
------------------------------------------------------
39	46	12	27	0	27	HU
------------------------------------------------------
40	34	9	31	0	31	HU
------------------------------------------------------
41	2023	15	0	26	26	AM
------------------------------------------------------
41	33	9	32	0	32	HU
------------------------------------------------------
42	2000	6	0	36	36	AS
------------------------------------------------------
42	30	9	33	0	33	HU
------------------------------------------------------
43	2013	13	0	30	30	AM
------------------------------------------------------
43	16	5	38	0	38	HU
------------------------------------------------------
44	122	44	0	0	0	HU
------------------------------------------------------
45	15	5	40	0	40	HU
------------------------------------------------------
49	2034	16	2	31	33	AM
------------------------------------------------------
51	154	51	0	0	0	HU
------------------------------------------------------
54	164	54	0	0	0	HU
------------------------------------------------------
58	175	58	0	0	0	HU
------------------------------------------------------
59	171	58	1	0	1	HU
------------------------------------------------------
62	187	62	0	0	0	HU
------------------------------------------------------
63	185	62	1	0	1	HU
------------------------------------------------------
66	2009	9	0	57	57	AS
------------------------------------------------------
68	2099	36	0	32	32	AM
------------------------------------------------------
73	163	54	0	19	19	ET
------------------------------------------------------
73	109	32	0	41	41	ET
------------------------------------------------------
74	220	74	0	0	0	HU
------------------------------------------------------
75	219	74	1	0	1	HU
------------------------------------------------------
76	225	76	0	0	0	HU
------------------------------------------------------
80	2055	25	0	55	55	AM
------------------------------------------------------
81	249	81	0	0	0	HU
------------------------------------------------------
82	246	81	1	0	1	HU
------------------------------------------------------
83	259	83	0	0	0	HU
------------------------------------------------------
84	256	83	1	0	1	HU
------------------------------------------------------
88	2024	15	3	70	73	AM
------------------------------------------------------
91	2049	24	2	65	67	AM
------------------------------------------------------
92	263	92	0	0	0	HU
------------------------------------------------------
95	272	95	0	0	0	HU
------------------------------------------------------
96	2081	34	0	62	62	AM
------------------------------------------------------
98	2008	9	0	89	89	AS
------------------------------------------------------
99	280	99	0	0	0	HU
------------------------------------------------------
100	279	99	1	0	1	HU
------------------------------------------------------
101	293	101	0	0	0	HU
------------------------------------------------------
102	296	102	0	0	0	HU
------------------------------------------------------
103	275	99	4	0	4	HU
------------------------------------------------------
106	2067	28	5	73	78	AM
------------------------------------------------------
108	318	108	0	0	0	HU
------------------------------------------------------
114	2098	36	0	78	78	AM
------------------------------------------------------
118	250	81	0	37	37	ET
------------------------------------------------------
118	242	79	0	39	39	ET
------------------------------------------------------
119	2	2	4	113	117	ES
------------------------------------------------------
122	341	122	0	0	0	HU
------------------------------------------------------
123	338	122	1	0	1	HU
------------------------------------------------------
125	344	125	0	0	0	HU
------------------------------------------------------
126	2089	35	3	88	91	AM
------------------------------------------------------
126	357	126	0	0	0	HU
------------------------------------------------------
136	328	117	0	19	19	ET
------------------------------------------------------
136	317	108	1	27	28	ET
------------------------------------------------------
137	319	108	0	29	29	ET
------------------------------------------------------
141	351	126	1	14	15	ET
------------------------------------------------------
143	352	126	1	16	17	ET
------------------------------------------------------
143	370	143	0	0	0	HU
------------------------------------------------------
146	2114	45	0	101	101	AM
------------------------------------------------------
147	381	147	0	0	0	HU
------------------------------------------------------
