Td	ID	Tj	Df	Dd	Db	Unit_Type
------------------------------------------------------
4	2002	1	0	3	3	AM
------------------------------------------------------
4	2000	1	0	3	3	AS
------------------------------------------------------
4	2005	1	0	3	3	AS
------------------------------------------------------
4	6	1	0	3	3	EG
------------------------------------------------------
5	2001	1	0	4	4	AM
------------------------------------------------------
5	84	5	0	0	0	HU
------------------------------------------------------
6	2020	2	0	4	4	AS
------------------------------------------------------
6	108	6	0	0	0	HU
------------------------------------------------------
6	2023	2	0	4	4	AS
------------------------------------------------------
6	2003	1	0	5	5	AS
------------------------------------------------------
6	2018	2	0	4	4	AS
------------------------------------------------------
7	25	2	5	0	5	HU
------------------------------------------------------
8	2022	2	0	6	6	AM
------------------------------------------------------
8	2017	2	0	6	6	AM
------------------------------------------------------
8	2021	2	0	6	6	AM
------------------------------------------------------
9	2	1	8	0	8	HU
------------------------------------------------------
9	2066	4	0	5	5	AS
------------------------------------------------------
10	2067	4	0	6	6	AM
------------------------------------------------------
10	2019	2	0	8	8	AD
------------------------------------------------------
10	2068	4	0	6	6	AS
------------------------------------------------------
11	2006	1	0	10	10	AD
------------------------------------------------------
11	2070	4	0	7	7	AS
------------------------------------------------------
12	2069	4	0	8	8	AS
------------------------------------------------------
12	2144	7	0	5	5	AM
------------------------------------------------------
12	2071	4	0	8	8	AD
------------------------------------------------------
13	2148	7	0	6	6	AS
------------------------------------------------------
13	2147	7	0	6	6	AS
------------------------------------------------------
14	2004	1	0	13	13	AD
------------------------------------------------------
14	2143	7	0	7	7	AS
------------------------------------------------------
15	2274	13	0	2	2	AM
------------------------------------------------------
15	2145	7	0	8	8	AS
------------------------------------------------------
16	2275	13	0	3	3	AM
------------------------------------------------------
16	2065	4	0	12	12	AD
------------------------------------------------------
16	2146	7	0	9	9	AS
------------------------------------------------------
16	2142	7	0	9	9	AS
------------------------------------------------------
20	312	14	6	0	6	HU
------------------------------------------------------
20	2252	12	0	8	8	AS
------------------------------------------------------
20	2276	13	1	6	7	AS
------------------------------------------------------
21	244	11	10	0	10	HU
------------------------------------------------------
21	2253	12	0	9	9	AS
------------------------------------------------------
22	2379	18	0	4	4	AM
------------------------------------------------------
22	214	10	12	0	12	HU
------------------------------------------------------
23	2247	12	0	11	11	AS
------------------------------------------------------
24	2249	12	0	12	12	AS
------------------------------------------------------
24	2315	15	0	9	9	AS
------------------------------------------------------
24	2273	13	0	11	11	AS
------------------------------------------------------
24	2278	13	1	10	11	AS
------------------------------------------------------
25	2347	17	0	8	8	AS
------------------------------------------------------
26	2314	15	0	11	11	AS
------------------------------------------------------
27	2375	18	0	9	9	AM
------------------------------------------------------
27	2378	18	1	8	9	AS
------------------------------------------------------
27	2310	15	0	12	12	AS
------------------------------------------------------
28	2374	18	0	10	10	AM
------------------------------------------------------
29	2351	17	0	12	12	AS
------------------------------------------------------
29	2446	21	0	8	8	AM
------------------------------------------------------
29	681	29	0	0	0	HU
------------------------------------------------------
29	2353	17	0	12	12	AS
------------------------------------------------------
30	2451	21	0	9	9	AS
------------------------------------------------------
30	2376	18	1	11	12	AS
------------------------------------------------------
31	2561	25	0	6	6	AS
------------------------------------------------------
31	2558	25	0	6	6	AS
------------------------------------------------------
32	2556	25	0	7	7	AM
------------------------------------------------------
33	2590	26	0	7	7	AS
------------------------------------------------------
33	2557	25	0	8	8	AS
------------------------------------------------------
33	2591	26	0	7	7	AM
------------------------------------------------------
33	2250	12	0	21	21	AD
------------------------------------------------------
34	2452	21	1	12	13	AM
------------------------------------------------------
34	2708	31	0	3	3	AS
------------------------------------------------------
34	2704	31	0	3	3	AS
------------------------------------------------------
35	2706	31	0	4	4	AS
------------------------------------------------------
35	2562	25	2	8	10	AM
------------------------------------------------------
35	2506	23	0	12	12	AM
------------------------------------------------------
36	2448	21	0	15	15	AM
------------------------------------------------------
36	2504	23	0	13	13	AM
------------------------------------------------------
37	2707	31	0	6	6	AS
------------------------------------------------------
37	2277	13	0	24	24	AD
------------------------------------------------------
37	2809	35	0	2	2	AS
------------------------------------------------------
38	2806	35	0	3	3	AS
------------------------------------------------------
38	4000	2	0	36	36	SU
------------------------------------------------------
39	362	16	0	23	23	ET
------------------------------------------------------
39	532	23	0	16	16	ET
------------------------------------------------------
39	533	23	0	16	16	ET
------------------------------------------------------
39	2272	13	0	26	26	AD
------------------------------------------------------
39	2804	35	0	4	4	AS
------------------------------------------------------
42	2836	36	0	6	6	AS
------------------------------------------------------
42	2838	36	0	6	6	AS
------------------------------------------------------
42	2866	37	0	5	5	AS
------------------------------------------------------
43	2905	38	0	5	5	AS
------------------------------------------------------
43	2870	37	0	6	6	AS
------------------------------------------------------
43	2810	35	0	8	8	AS
------------------------------------------------------
44	2900	38	0	6	6	AS
------------------------------------------------------
44	2593	26	5	13	18	AM
------------------------------------------------------
44	2902	38	0	6	6	AS
------------------------------------------------------
44	2936	39	1	4	5	AS
------------------------------------------------------
45	2594	26	0	19	19	AM
------------------------------------------------------
46	2449	21	0	25	25	AM
------------------------------------------------------
46	2991	41	0	5	5	AS
------------------------------------------------------
47	184	9	2	36	38	ES
------------------------------------------------------
48	2990	41	0	7	7	AS
------------------------------------------------------
48	2507	23	2	23	25	AM
------------------------------------------------------
48	4002	2	0	46	46	SU
------------------------------------------------------
49	870	36	0	13	13	ET
------------------------------------------------------
49	2502	23	0	26	26	AM
------------------------------------------------------
50	2834	36	0	14	14	AM
------------------------------------------------------
50	2350	17	0	33	33	AD
------------------------------------------------------
51	929	38	0	13	13	ET
------------------------------------------------------
51	930	38	0	13	13	ET
------------------------------------------------------
51	2937	39	0	12	12	AM
------------------------------------------------------
52	2865	37	0	15	15	AM
------------------------------------------------------
53	904	37	0	16	16	ET
------------------------------------------------------
53	873	36	0	17	17	ET
------------------------------------------------------
53	2702	31	0	22	22	AM
------------------------------------------------------
54	901	37	0	17	17	ET
------------------------------------------------------
54	872	36	0	18	18	ET
------------------------------------------------------
54	2904	38	4	12	16	AM
------------------------------------------------------
55	849	35	0	20	20	ET
------------------------------------------------------
55	2348	17	4	34	38	AD
------------------------------------------------------
56	769	32	0	24	24	ET
------------------------------------------------------
56	2501	23	4	29	33	AM
------------------------------------------------------
57	741	31	0	26	26	ET
------------------------------------------------------
57	797	33	0	24	24	ET
------------------------------------------------------
57	844	35	0	22	22	ET
------------------------------------------------------
59	874	36	0	23	23	ET
------------------------------------------------------
59	744	31	0	28	28	ET
------------------------------------------------------
61	772	32	0	29	29	ET
------------------------------------------------------
61	575	25	0	36	36	ET
------------------------------------------------------
61	2316	15	0	46	46	AD
------------------------------------------------------
62	743	31	0	31	31	ET
------------------------------------------------------
62	2933	39	0	23	23	AM
------------------------------------------------------
63	2901	38	1	24	25	AM
------------------------------------------------------
63	2985	41	6	16	22	AM
------------------------------------------------------
64	2903	38	1	25	26	AM
------------------------------------------------------
64	2807	35	0	29	29	AM
------------------------------------------------------
65	714	30	0	35	35	ET
------------------------------------------------------
65	747	31	0	34	34	ET
------------------------------------------------------
65	2837	36	2	27	29	AM
------------------------------------------------------
65	2988	41	0	24	24	AM
------------------------------------------------------
66	715	30	0	36	36	ET
------------------------------------------------------
66	360	16	0	50	50	ET
------------------------------------------------------
66	716	30	0	36	36	ET
------------------------------------------------------
66	2808	35	1	30	31	AM
------------------------------------------------------
67	476	21	0	46	46	ET
------------------------------------------------------
67	2868	37	0	30	30	AM
------------------------------------------------------
67	2932	39	1	27	28	AM
------------------------------------------------------
67	2595	26	0	41	41	AD
------------------------------------------------------
68	408	18	0	50	50	ET
------------------------------------------------------
68	2864	37	0	31	31	AM
------------------------------------------------------
68	2934	39	0	29	29	AM
------------------------------------------------------
68	2839	36	2	30	32	AM
------------------------------------------------------
69	2989	41	2	26	28	AM
------------------------------------------------------
70	2248	12	0	58	58	AD
------------------------------------------------------
71	2377	18	0	53	53	AD
------------------------------------------------------
73	687	29	28	16	44	ET
------------------------------------------------------
73	682	29	28	16	44	ET
------------------------------------------------------
73	683	29	28	16	44	ET
------------------------------------------------------
74	631	27	0	47	47	ET
------------------------------------------------------
74	578	25	0	49	49	ET
------------------------------------------------------
74	630	27	0	47	47	ET
------------------------------------------------------
74	364	16	0	58	58	ET
------------------------------------------------------
75	629	27	0	48	48	ET
------------------------------------------------------
75	2559	25	0	50	50	AD
------------------------------------------------------
76	215	10	0	66	66	ET
------------------------------------------------------
76	309	14	0	62	62	ET
------------------------------------------------------
76	306	14	0	62	62	ET
------------------------------------------------------
77	245	11	0	66	66	ET
------------------------------------------------------
77	211	10	0	67	67	ET
------------------------------------------------------
77	2312	15	3	59	62	AD
------------------------------------------------------
78	2349	17	4	57	61	AD
------------------------------------------------------
80	2251	12	0	68	68	AD
------------------------------------------------------
81	241	11	0	70	70	ET
------------------------------------------------------
82	157	8	0	74	74	ET
------------------------------------------------------
82	2703	31	0	51	51	AD
------------------------------------------------------
83	2705	31	0	52	52	AD
------------------------------------------------------
85	188	9	0	76	76	ET
------------------------------------------------------
85	2505	23	0	62	62	AD
------------------------------------------------------
86	23	2	0	84	84	ET
------------------------------------------------------
86	2447	21	0	65	65	AD
------------------------------------------------------
86	2313	15	0	71	71	AD
------------------------------------------------------
87	187	9	0	78	78	ET
------------------------------------------------------
88	85	5	0	83	83	ET
------------------------------------------------------
88	86	5	0	83	83	ET
------------------------------------------------------
88	2589	26	9	53	62	AD
------------------------------------------------------
88	632	27	0	61	61	EG
------------------------------------------------------
89	2352	17	0	72	72	AD
------------------------------------------------------
90	2869	37	0	53	53	AD
------------------------------------------------------
90	799	33	0	57	57	EG
------------------------------------------------------
92	160	8	0	84	84	ET
------------------------------------------------------
92	2560	25	0	67	67	AD
------------------------------------------------------
92	600	26	0	66	66	EG
------------------------------------------------------
92	903	37	0	55	55	EG
------------------------------------------------------
94	4	1	0	93	93	ES
------------------------------------------------------
95	161	8	0	87	87	ET
------------------------------------------------------
95	5	1	0	94	94	EG
------------------------------------------------------

Earth Army

Total Units: 120
ES	Total: 56 Alive: 54 Destructed: 2 Percentage Destructed: 3.57143%
ET	Total: 50 Alive: 1 Destructed: 49 Percentage Destructed: 98%
EG	Total: 6 Alive: 0 Destructed: 6 Percentage Destructed: 100%
HU	Total: 8 Alive: 0 Destructed: 8 Percentage Destructed: 100%

Total Destructed: 65
Percentage Destructed: 54.1667%
Total Infected: 9 Percentage Infected: 16.0714%

Average Df: 1.95385
Average Dd: 38.7077
Average Db: 40.6615
Df/Db Ratio: 4.80515%
Dd/Db Ratio: 95.1949%
------------------------------------------------------

Alien Army

Total Units: 140
AD	Total: 41 Alive: 14 Destructed: 27 Percentage Destructed: 65.8537%
AM	Total: 45 Alive: 0 Destructed: 45 Percentage Destructed: 100%
AS	Total: 54 Alive: 0 Destructed: 54 Percentage Destructed: 100%

Total Destructed: 126
Percentage Destructed: 90%

Average Df: 0.468254
Average Dd: 17.9603
Average Db: 18.4286
Df/Db Ratio: 2.54091%
Dd/Db Ratio: 97.4591%
------------------------------------------------------

Battle Results: 
Finish Timestep: 95
Tie
------------------------------------------------------
