Td	ID	Tj	Df	Dd	Db	Unit_Type
------------------------------------------------------
7	3	3	4	0	4	HU
------------------------------------------------------
7	7	3	0	4	4	EG
------------------------------------------------------
8	5	3	0	5	5	ES
------------------------------------------------------
9	35	5	0	4	4	ES
------------------------------------------------------
10	2005	1	2	7	9	AD
------------------------------------------------------
11	38	5	0	6	6	EG
------------------------------------------------------
14	2004	1	2	11	13	AD
------------------------------------------------------
17	37	5	0	12	12	ET
------------------------------------------------------
17	2009	3	0	14	14	AM
------------------------------------------------------
18	6	3	0	15	15	ES
------------------------------------------------------
18	1	3	0	15	15	ES
------------------------------------------------------
18	34	5	0	13	13	ET
------------------------------------------------------
18	33	5	0	13	13	ET
------------------------------------------------------
19	32	5	0	14	14	ES
------------------------------------------------------
20	2	3	0	17	17	ES
------------------------------------------------------
20	2002	1	2	17	19	AS
------------------------------------------------------
20	2010	3	0	17	17	AM
------------------------------------------------------
20	267	20	0	0	0	HU
------------------------------------------------------
20	152	15	0	5	5	EG
------------------------------------------------------
21	265	20	1	0	1	HU
------------------------------------------------------
24	2001	1	2	21	23	AS
------------------------------------------------------
28	2066	6	1	21	22	AS
------------------------------------------------------
28	2186	11	5	12	17	AS
------------------------------------------------------
28	2196	12	4	12	16	AS
------------------------------------------------------
29	2003	1	2	26	28	AD
------------------------------------------------------
29	483	29	0	0	0	HU
------------------------------------------------------
29	2071	6	1	22	23	AS
------------------------------------------------------
29	133	14	0	15	15	ET
------------------------------------------------------
30	2012	3	0	27	27	AS
------------------------------------------------------
31	2098	7	1	23	24	AS
------------------------------------------------------
31	2067	6	1	24	25	AS
------------------------------------------------------
32	2069	6	1	25	26	AS
------------------------------------------------------
32	2000	1	2	29	31	AS
------------------------------------------------------
32	2124	8	1	23	24	AS
------------------------------------------------------
32	2165	10	5	17	22	AS
------------------------------------------------------
33	2200	12	2	19	21	AM
------------------------------------------------------
33	575	33	0	0	0	HU
------------------------------------------------------
34	2204	13	3	18	21	AS
------------------------------------------------------
34	2213	14	2	18	20	AS
------------------------------------------------------
34	2287	17	1	16	17	AM
------------------------------------------------------
35	2316	18	2	15	17	AS
------------------------------------------------------
36	2070	6	0	30	30	AM
------------------------------------------------------
36	2185	11	0	25	25	AM
------------------------------------------------------
37	2068	6	0	31	31	AM
------------------------------------------------------
37	696	37	0	0	0	HU
------------------------------------------------------
37	2065	6	0	31	31	AS
------------------------------------------------------
38	2205	13	3	22	25	AS
------------------------------------------------------
38	2216	14	2	22	24	AS
------------------------------------------------------
39	2162	10	4	25	29	AS
------------------------------------------------------
40	2095	7	1	32	33	AM
------------------------------------------------------
40	2097	7	0	33	33	AM
------------------------------------------------------
40	2202	12	4	24	28	AM
------------------------------------------------------
41	2184	11	5	25	30	AS
------------------------------------------------------
41	2206	13	3	25	28	AS
------------------------------------------------------
41	2209	13	3	25	28	AS
------------------------------------------------------
41	2291	17	2	22	24	AS
------------------------------------------------------
41	2317	18	0	23	23	AM
------------------------------------------------------
41	793	41	0	0	0	HU
------------------------------------------------------
42	2164	10	4	28	32	AS
------------------------------------------------------
42	2007	3	0	39	39	AS
------------------------------------------------------
43	2013	3	0	40	40	AS
------------------------------------------------------
43	2396	21	0	22	22	AM
------------------------------------------------------
43	2008	3	0	40	40	AM
------------------------------------------------------
44	2290	17	2	25	27	AS
------------------------------------------------------
45	2236	15	2	28	30	AS
------------------------------------------------------
45	2187	11	3	31	34	AM
------------------------------------------------------
45	2289	17	1	27	28	AM
------------------------------------------------------
45	2122	8	0	37	37	AD
------------------------------------------------------
46	2483	24	0	22	22	AM
------------------------------------------------------
46	2214	14	7	25	32	AM
------------------------------------------------------
46	2094	7	0	39	39	AD
------------------------------------------------------
46	2011	3	0	43	43	AS
------------------------------------------------------
47	2481	24	2	21	23	AS
------------------------------------------------------
47	2238	15	0	32	32	AM
------------------------------------------------------
48	2567	27	0	21	21	AM
------------------------------------------------------
48	4002	18	0	30	30	SU
------------------------------------------------------
49	150	15	0	34	34	ET
------------------------------------------------------
49	2241	15	3	31	34	AM
------------------------------------------------------
50	409	26	0	24	24	ET
------------------------------------------------------
50	2573	27	2	21	23	AM
------------------------------------------------------
51	432	27	0	24	24	ET
------------------------------------------------------
51	151	15	0	36	36	ET
------------------------------------------------------
51	318	22	0	29	29	ET
------------------------------------------------------
51	487	29	0	22	22	ET
------------------------------------------------------
51	2096	7	0	44	44	AM
------------------------------------------------------
51	2448	23	2	26	28	AS
------------------------------------------------------
51	4017	19	1	31	32	SU
------------------------------------------------------
52	295	21	0	31	31	ET
------------------------------------------------------
52	294	21	1	30	31	ET
------------------------------------------------------
52	347	23	0	29	29	ET
------------------------------------------------------
52	2392	21	2	29	31	AS
------------------------------------------------------
54	129	14	0	40	40	ES
------------------------------------------------------
54	2318	18	2	34	36	AS
------------------------------------------------------
54	2570	27	4	23	27	AM
------------------------------------------------------
54	4016	19	1	34	35	SU
------------------------------------------------------
54	4006	18	1	35	36	SU
------------------------------------------------------
55	2712	32	2	21	23	AS
------------------------------------------------------
55	2447	23	2	30	32	AM
------------------------------------------------------
55	4003	18	0	37	37	SU
------------------------------------------------------
55	4027	20	2	33	35	SU
------------------------------------------------------
56	153	15	0	41	41	ES
------------------------------------------------------
56	2217	14	3	39	42	AM
------------------------------------------------------
57	2450	23	2	32	34	AS
------------------------------------------------------
57	2452	23	2	32	34	AS
------------------------------------------------------
57	2453	23	2	32	34	AS
------------------------------------------------------
57	4001	18	0	39	39	SU
------------------------------------------------------
58	2707	32	2	24	26	AS
------------------------------------------------------
58	2118	8	0	50	50	AM
------------------------------------------------------
58	2482	24	3	31	34	AM
------------------------------------------------------
59	901	45	0	14	14	ET
------------------------------------------------------
59	900	45	0	14	14	ET
------------------------------------------------------
59	2242	15	3	41	44	AS
------------------------------------------------------
59	4005	18	0	41	41	SU
------------------------------------------------------
59	4013	19	1	39	40	SU
------------------------------------------------------
59	792	41	0	18	18	EG
------------------------------------------------------
60	795	41	1	18	19	ET
------------------------------------------------------
60	899	45	1	14	15	ET
------------------------------------------------------
60	905	45	0	15	15	ET
------------------------------------------------------
60	2484	24	2	34	36	AS
------------------------------------------------------
60	2968	42	1	17	18	AM
------------------------------------------------------
60	460	28	0	32	32	EG
------------------------------------------------------
60	456	28	0	32	32	EG
------------------------------------------------------
61	846	43	0	18	18	ET
------------------------------------------------------
61	2651	30	2	29	31	AS
------------------------------------------------------
61	4032	20	3	38	41	SU
------------------------------------------------------
61	4015	19	1	41	42	SU
------------------------------------------------------
61	431	27	0	34	34	EG
------------------------------------------------------
62	847	43	0	19	19	ET
------------------------------------------------------
62	874	44	0	18	18	ET
------------------------------------------------------
62	876	44	0	18	18	ET
------------------------------------------------------
62	4026	20	2	40	42	SU
------------------------------------------------------
62	4029	20	2	40	42	SU
------------------------------------------------------
62	4030	20	2	40	42	SU
------------------------------------------------------
62	640	35	0	27	27	EG
------------------------------------------------------
62	343	23	0	39	39	EG
------------------------------------------------------
63	2240	15	1	47	48	AM
------------------------------------------------------
63	2119	8	0	55	55	AM
------------------------------------------------------
63	2652	30	2	31	33	AS
------------------------------------------------------
63	2319	18	2	43	45	AS
------------------------------------------------------
63	4004	18	0	45	45	SU
------------------------------------------------------
63	643	35	0	28	28	EG
------------------------------------------------------
64	131	14	0	50	50	ES
------------------------------------------------------
64	2393	21	2	41	43	AS
------------------------------------------------------
64	2313	18	11	35	46	AM
------------------------------------------------------
64	2167	10	7	47	54	AM
------------------------------------------------------
64	611	34	0	30	30	EG
------------------------------------------------------
64	407	26	0	38	38	EG
------------------------------------------------------
65	2647	30	2	33	35	AS
------------------------------------------------------
65	2166	10	5	50	55	AS
------------------------------------------------------
65	2163	10	5	50	55	AM
------------------------------------------------------
65	4018	19	1	45	46	SU
------------------------------------------------------
65	346	23	0	42	42	EG
------------------------------------------------------
66	797	41	1	24	25	ET
------------------------------------------------------
66	2883	39	1	26	27	AM
------------------------------------------------------
66	2478	24	0	42	42	AM
------------------------------------------------------
66	4000	18	0	48	48	SU
------------------------------------------------------
66	4028	20	2	44	46	SU
------------------------------------------------------
66	408	26	0	40	40	EG
------------------------------------------------------
67	2940	41	2	24	26	AS
------------------------------------------------------
67	2706	32	2	33	35	AS
------------------------------------------------------
67	2709	32	0	35	35	AM
------------------------------------------------------
67	2390	21	6	40	46	AM
------------------------------------------------------
67	2966	42	1	24	25	AM
------------------------------------------------------
67	4014	19	1	47	48	SU
------------------------------------------------------
67	4019	19	2	46	48	SU
------------------------------------------------------
67	4031	20	3	44	47	SU
------------------------------------------------------
67	238	19	0	48	48	EG
------------------------------------------------------
67	315	22	0	45	45	EG
------------------------------------------------------
68	794	41	12	15	27	ET
------------------------------------------------------
68	2649	30	2	36	38	AS
------------------------------------------------------
68	2198	12	2	54	56	AM
------------------------------------------------------
68	433	27	0	41	41	EG
------------------------------------------------------
68	902	45	0	23	23	EG
------------------------------------------------------
69	798	41	1	27	28	ET
------------------------------------------------------
69	849	43	0	26	26	ET
------------------------------------------------------
69	2292	17	2	50	52	AM
------------------------------------------------------
69	873	44	0	25	25	EG
------------------------------------------------------
70	236	19	0	51	51	ES
------------------------------------------------------
70	701	37	1	32	33	ET
------------------------------------------------------
70	2881	39	2	29	31	AS
------------------------------------------------------
70	2884	39	2	29	31	AS
------------------------------------------------------
70	637	35	0	35	35	EG
------------------------------------------------------
70	316	22	0	48	48	EG
------------------------------------------------------
71	663	36	0	35	35	ET
------------------------------------------------------
71	878	44	0	27	27	EG
------------------------------------------------------
71	843	43	0	28	28	EG
------------------------------------------------------
71	321	22	0	49	49	EG
------------------------------------------------------
72	699	37	2	33	35	ET
------------------------------------------------------
72	666	36	0	36	36	ET
------------------------------------------------------
72	2760	34	3	35	38	AS
------------------------------------------------------
72	2212	14	7	51	58	AM
------------------------------------------------------
72	577	33	0	39	39	EG
------------------------------------------------------
72	342	23	2	47	49	EG
------------------------------------------------------
72	845	43	0	29	29	EG
------------------------------------------------------
72	406	26	7	39	46	EG
------------------------------------------------------
72	317	22	2	48	50	EG
------------------------------------------------------
72	233	19	0	53	53	EG
------------------------------------------------------
73	642	35	0	38	38	ET
------------------------------------------------------
73	615	34	0	39	39	ET
------------------------------------------------------
73	638	35	0	38	38	ET
------------------------------------------------------
73	2965	42	2	29	31	AS
------------------------------------------------------
73	2391	21	15	37	52	AM
------------------------------------------------------
73	293	21	0	52	52	EG
------------------------------------------------------
73	435	27	7	39	46	EG
------------------------------------------------------
73	430	27	3	43	46	EG
------------------------------------------------------
73	796	41	0	32	32	EG
------------------------------------------------------
73	903	45	3	25	28	EG
------------------------------------------------------
74	617	34	0	40	40	ET
------------------------------------------------------
74	2995	43	2	29	31	AS
------------------------------------------------------
74	2996	43	3	28	31	AS
------------------------------------------------------
74	2762	34	14	26	40	AM
------------------------------------------------------
74	2993	43	6	25	31	AM
------------------------------------------------------
75	2885	39	2	34	36	AS
------------------------------------------------------
75	2886	39	2	34	36	AS
------------------------------------------------------
75	2650	30	2	43	45	AS
------------------------------------------------------
75	2710	32	8	35	43	AM
------------------------------------------------------
75	2934	41	1	33	34	AM
------------------------------------------------------
75	2882	39	11	25	36	AM
------------------------------------------------------
76	2964	42	2	32	34	AS
------------------------------------------------------
77	2992	43	2	32	34	AS
------------------------------------------------------
77	2758	34	3	40	43	AS
------------------------------------------------------
77	2759	34	3	40	43	AS
------------------------------------------------------
77	2935	41	2	34	36	AS
------------------------------------------------------
77	2880	39	2	36	38	AS
------------------------------------------------------
78	612	34	30	14	44	ET
------------------------------------------------------
78	574	33	0	45	45	ET
------------------------------------------------------
78	613	34	0	44	44	ET
------------------------------------------------------
79	576	33	0	46	46	ET
------------------------------------------------------
80	2994	43	2	35	37	AS
------------------------------------------------------

Earth Army

Total Units: 139
ES	Total: 53 Alive: 43 Destructed: 10 Percentage Destructed: 18.8679%
ET	Total: 44 Alive: 6 Destructed: 38 Percentage Destructed: 86.3636%
EG	Total: 35 Alive: 0 Destructed: 35 Percentage Destructed: 100%
HU	Total: 7 Alive: 0 Destructed: 7 Percentage Destructed: 100%

Total Destructed: 90
Percentage Destructed: 64.7482%
Total Infected: 4 Percentage Infected: 7.54717%

Average Df: 0.877778
Average Dd: 27.0444
Average Db: 27.9222
Df/Db Ratio: 3.14365%
Dd/Db Ratio: 96.8563%
------------------------------------------------------

Alien Army

Total Units: 168
AD	Total: 55 Alive: 50 Destructed: 5 Percentage Destructed: 9.09091%
AM	Total: 47 Alive: 0 Destructed: 47 Percentage Destructed: 100%
AS	Total: 66 Alive: 0 Destructed: 66 Percentage Destructed: 100%

Total Destructed: 118
Percentage Destructed: 70.2381%

Average Df: 2.40678
Average Dd: 29.9661
Average Db: 32.3729
Df/Db Ratio: 7.43456%
Dd/Db Ratio: 92.5654%
------------------------------------------------------

Battle Results: 
Finish Timestep: 80
Tie
------------------------------------------------------
