Td	ID	Tj	Df	Dd	Db	Unit_Type
------------------------------------------------------
6	5	2	0	4	4	EG
------------------------------------------------------
7	56	7	0	0	0	HU
------------------------------------------------------
8	2001	2	0	6	6	AM
------------------------------------------------------
8	80	8	0	0	0	HU
------------------------------------------------------
9	2000	2	0	7	7	AM
------------------------------------------------------
9	2006	2	0	7	7	AM
------------------------------------------------------
10	2004	2	0	8	8	AM
------------------------------------------------------
10	2002	2	0	8	8	AD
------------------------------------------------------
12	2003	2	0	10	10	AD
------------------------------------------------------
12	143	12	0	0	0	HU
------------------------------------------------------
17	2120	15	0	2	2	AM
------------------------------------------------------
18	2005	2	0	16	16	AS
------------------------------------------------------
18	53	7	0	11	11	ES
------------------------------------------------------
19	81	8	0	11	11	ES
------------------------------------------------------
20	2136	16	0	4	4	AM
------------------------------------------------------
21	2183	18	0	3	3	AM
------------------------------------------------------
22	2134	16	0	6	6	AM
------------------------------------------------------
22	2119	15	0	7	7	AD
------------------------------------------------------
23	323	20	0	3	3	ET
------------------------------------------------------
24	4	2	0	22	22	ES
------------------------------------------------------
24	2208	19	0	5	5	AM
------------------------------------------------------
25	1	2	0	23	23	ES
------------------------------------------------------
25	3	2	0	23	23	ES
------------------------------------------------------
25	2	2	0	23	23	ET
------------------------------------------------------
25	2180	18	0	7	7	AM
------------------------------------------------------
25	2235	20	0	5	5	AM
------------------------------------------------------
26	492	26	0	0	0	HU
------------------------------------------------------
26	148	12	0	14	14	ES
------------------------------------------------------
27	2211	19	0	8	8	AM
------------------------------------------------------
27	2232	20	0	7	7	AM
------------------------------------------------------
29	2135	16	0	13	13	AS
------------------------------------------------------
29	491	26	3	0	3	HU
------------------------------------------------------
30	2178	18	0	12	12	AS
------------------------------------------------------
30	2233	20	0	10	10	AD
------------------------------------------------------
30	464	25	5	0	5	HU
------------------------------------------------------
32	2137	16	0	16	16	AS
------------------------------------------------------
32	2425	29	0	3	3	AM
------------------------------------------------------
33	2115	15	0	18	18	AS
------------------------------------------------------
34	460	25	9	0	9	HU
------------------------------------------------------
35	2207	19	1	15	16	AS
------------------------------------------------------
35	2138	16	0	19	19	AD
------------------------------------------------------
35	741	35	0	0	0	HU
------------------------------------------------------
36	2426	29	0	7	7	AM
------------------------------------------------------
36	778	36	0	0	0	HU
------------------------------------------------------
37	2516	34	0	3	3	AM
------------------------------------------------------
37	2512	34	0	3	3	AM
------------------------------------------------------
38	2182	18	1	19	20	AS
------------------------------------------------------
38	2117	15	0	23	23	AS
------------------------------------------------------
38	2514	34	0	4	4	AM
------------------------------------------------------
38	2210	19	0	19	19	AD
------------------------------------------------------
39	2177	18	0	21	21	AS
------------------------------------------------------
39	2114	15	0	24	24	AD
------------------------------------------------------
41	2540	35	0	6	6	AM
------------------------------------------------------
41	2541	35	0	6	6	AM
------------------------------------------------------
41	2580	37	0	4	4	AM
------------------------------------------------------
41	2584	37	0	4	4	AM
------------------------------------------------------
41	260	18	1	22	23	ES
------------------------------------------------------
42	2539	35	0	7	7	AM
------------------------------------------------------
43	2206	19	1	23	24	AS
------------------------------------------------------
44	2423	29	2	13	15	AS
------------------------------------------------------
44	2209	19	1	24	25	AS
------------------------------------------------------
45	2205	19	1	25	26	AS
------------------------------------------------------
45	2118	15	0	30	30	AD
------------------------------------------------------
45	1026	45	0	0	0	HU
------------------------------------------------------
46	84	8	0	38	38	ES
------------------------------------------------------
46	2666	41	1	4	5	AM
------------------------------------------------------
46	2139	16	0	30	30	AD
------------------------------------------------------
46	2181	18	0	28	28	AD
------------------------------------------------------
46	1023	45	1	0	1	HU
------------------------------------------------------
47	2133	16	1	30	31	AD
------------------------------------------------------
47	1099	47	0	0	0	HU
------------------------------------------------------
48	2661	41	0	7	7	AM
------------------------------------------------------
48	2179	18	0	30	30	AD
------------------------------------------------------
49	2420	29	1	19	20	AS
------------------------------------------------------
50	2238	20	2	28	30	AS
------------------------------------------------------
50	2422	29	0	21	21	AD
------------------------------------------------------
50	2424	29	0	21	21	AD
------------------------------------------------------
50	1181	50	0	0	0	HU
------------------------------------------------------
51	2751	46	0	5	5	AM
------------------------------------------------------
51	2752	46	0	5	5	AM
------------------------------------------------------
51	2116	15	0	36	36	AD
------------------------------------------------------
52	2234	20	1	31	32	AS
------------------------------------------------------
52	2237	20	1	31	32	AS
------------------------------------------------------
52	2776	47	0	5	5	AM
------------------------------------------------------
52	2781	47	0	5	5	AM
------------------------------------------------------
52	2513	34	5	13	18	AD
------------------------------------------------------
53	2779	47	0	6	6	AM
------------------------------------------------------
53	2780	47	0	6	6	AM
------------------------------------------------------
55	2778	47	0	8	8	AM
------------------------------------------------------
55	2518	34	0	21	21	AD
------------------------------------------------------
56	2777	47	0	9	9	AM
------------------------------------------------------
57	2236	20	0	37	37	AD
------------------------------------------------------
57	1366	57	0	0	0	HU
------------------------------------------------------
58	2583	37	5	16	21	AD
------------------------------------------------------
60	82	8	0	52	52	ES
------------------------------------------------------
60	869	39	0	21	21	ET
------------------------------------------------------
60	2948	55	0	5	5	AM
------------------------------------------------------
61	2970	56	0	5	5	AM
------------------------------------------------------
61	2537	35	0	26	26	AD
------------------------------------------------------
62	2538	35	2	25	27	AS
------------------------------------------------------
62	177	15	1	46	47	ES
------------------------------------------------------
63	1066	46	0	17	17	ET
------------------------------------------------------
63	2997	57	0	6	6	AM
------------------------------------------------------
63	2515	34	5	24	29	AD
------------------------------------------------------
63	1547	63	0	0	0	HU
------------------------------------------------------
64	3041	59	0	5	5	AM
------------------------------------------------------
64	2586	37	0	27	27	AD
------------------------------------------------------
64	3000	57	0	7	7	AM
------------------------------------------------------
64	2664	41	0	23	23	AD
------------------------------------------------------
66	378	22	1	43	44	ES
------------------------------------------------------
66	1631	66	0	0	0	HU
------------------------------------------------------
67	3110	62	0	5	5	AM
------------------------------------------------------
71	3182	66	0	5	5	AM
------------------------------------------------------
71	322	20	1	50	51	ES
------------------------------------------------------
72	2542	35	2	35	37	AS
------------------------------------------------------
73	3247	69	0	4	4	AM
------------------------------------------------------
74	3246	69	0	5	5	AM
------------------------------------------------------
74	2995	57	4	13	17	AD
------------------------------------------------------
75	1509	62	0	13	13	ET
------------------------------------------------------
75	1511	62	0	13	13	ET
------------------------------------------------------
75	2585	37	11	27	38	AD
------------------------------------------------------
76	466	25	2	49	51	ES
------------------------------------------------------
76	172	15	0	61	61	ES
------------------------------------------------------
76	261	18	1	57	58	ES
------------------------------------------------------
76	2663	41	0	35	35	AD
------------------------------------------------------
77	264	18	1	58	59	ES
------------------------------------------------------
78	3309	72	0	6	6	AM
------------------------------------------------------
79	542	28	3	48	51	ES
------------------------------------------------------
79	2998	57	0	22	22	AD
------------------------------------------------------
80	318	20	1	59	60	ES
------------------------------------------------------
80	171	15	0	65	65	ES
------------------------------------------------------
80	259	18	1	61	62	ES
------------------------------------------------------
80	380	22	2	56	58	ES
------------------------------------------------------
80	537	28	2	50	52	ES
------------------------------------------------------
80	3413	77	0	3	3	AM
------------------------------------------------------
81	293	19	1	61	62	ES
------------------------------------------------------
81	145	12	0	69	69	ES
------------------------------------------------------
81	289	19	1	61	62	ES
------------------------------------------------------
81	3414	77	0	4	4	AM
------------------------------------------------------
81	2946	55	0	26	26	AD
------------------------------------------------------
82	463	25	2	55	57	ES
------------------------------------------------------
82	773	36	3	43	46	ES
------------------------------------------------------
82	377	22	1	59	60	ES
------------------------------------------------------
82	1726	69	0	13	13	ET
------------------------------------------------------
82	3039	59	0	23	23	AD
------------------------------------------------------
82	2996	57	0	25	25	AD
------------------------------------------------------
82	2517	34	5	43	48	AD
------------------------------------------------------
83	2972	56	4	23	27	AD
------------------------------------------------------
83	2973	56	0	27	27	AD
------------------------------------------------------
84	541	28	3	53	56	ES
------------------------------------------------------
84	1727	69	0	15	15	ET
------------------------------------------------------
85	461	25	2	58	60	ES
------------------------------------------------------
85	494	26	3	56	59	ES
------------------------------------------------------
85	1809	72	0	13	13	ET
------------------------------------------------------
85	921	41	3	41	44	ES
------------------------------------------------------
86	743	35	3	48	51	ES
------------------------------------------------------
86	1731	69	0	17	17	ET
------------------------------------------------------
87	203	16	1	70	71	ES
------------------------------------------------------
87	1062	46	4	37	41	ES
------------------------------------------------------
87	2750	46	2	39	41	AS
------------------------------------------------------
88	776	36	3	49	52	ES
------------------------------------------------------
88	806	37	3	48	51	ES
------------------------------------------------------
88	1097	47	4	37	41	ES
------------------------------------------------------
88	3108	62	0	26	26	AD
------------------------------------------------------
89	2421	29	2	58	60	AS
------------------------------------------------------
89	2581	37	2	50	52	AS
------------------------------------------------------
90	738	35	2	53	55	ES
------------------------------------------------------
90	2536	35	2	53	55	AS
------------------------------------------------------
91	3582	87	0	4	4	AM
------------------------------------------------------
92	1935	77	0	15	15	ET
------------------------------------------------------
93	777	36	3	54	57	ES
------------------------------------------------------
93	1937	77	0	16	16	ET
------------------------------------------------------
93	3545	85	0	8	8	AM
------------------------------------------------------
93	3245	69	6	18	24	AD
------------------------------------------------------
93	2944	55	0	38	38	AD
------------------------------------------------------
94	2662	41	2	51	53	AS
------------------------------------------------------
94	3207	67	0	27	27	AD
------------------------------------------------------
94	3205	67	0	27	27	AD
------------------------------------------------------
95	2753	46	2	47	49	AS
------------------------------------------------------
95	3043	59	0	36	36	AD
------------------------------------------------------
96	1934	77	0	19	19	ET
------------------------------------------------------
96	1994	79	0	17	17	ET
------------------------------------------------------
97	1993	79	0	18	18	ET
------------------------------------------------------
97	1725	69	7	21	28	ET
------------------------------------------------------
97	1808	72	0	25	25	ET
------------------------------------------------------
97	1512	62	0	35	35	ET
------------------------------------------------------
98	539	28	2	68	70	ES
------------------------------------------------------
100	3723	95	0	5	5	AM
------------------------------------------------------
101	1664	67	0	34	34	ET
------------------------------------------------------
101	1662	67	0	34	34	ET
------------------------------------------------------
101	3719	95	0	6	6	AM
------------------------------------------------------
102	864	39	3	60	63	ES
------------------------------------------------------
102	1541	63	0	39	39	ET
------------------------------------------------------
103	1334	56	4	43	47	ES
------------------------------------------------------
103	1098	47	4	52	56	ES
------------------------------------------------------
103	3186	66	0	37	37	AD
------------------------------------------------------
104	925	41	3	60	63	ES
------------------------------------------------------
104	1510	62	0	42	42	ET
------------------------------------------------------
104	3311	72	0	32	32	AD
------------------------------------------------------
104	2974	56	0	48	48	AD
------------------------------------------------------
105	3183	66	5	34	39	AD
------------------------------------------------------
106	1402	58	4	44	48	ES
------------------------------------------------------
106	1403	58	4	44	48	ES
------------------------------------------------------
106	1668	67	0	39	39	ET
------------------------------------------------------
106	3250	69	0	37	37	AD
------------------------------------------------------
107	1064	46	4	57	61	ES
------------------------------------------------------
107	866	39	3	65	68	ES
------------------------------------------------------
107	1544	63	4	40	44	ES
------------------------------------------------------
107	703	34	2	71	73	ES
------------------------------------------------------
107	865	39	3	65	68	ES
------------------------------------------------------
107	1508	62	31	14	45	ET
------------------------------------------------------
107	3313	72	0	35	35	AD
------------------------------------------------------
108	3251	69	0	39	39	AD
------------------------------------------------------
108	3248	69	6	33	39	AD
------------------------------------------------------
109	742	35	3	71	74	ES
------------------------------------------------------
109	1628	66	0	43	43	ET
------------------------------------------------------
109	3184	66	5	38	43	AD
------------------------------------------------------
110	3310	72	6	32	38	AD
------------------------------------------------------
110	3724	95	0	15	15	AD
------------------------------------------------------
111	1335	56	4	51	55	ES
------------------------------------------------------
112	3040	59	4	49	53	AS
------------------------------------------------------
112	3546	85	0	27	27	AD
------------------------------------------------------
113	1813	72	4	37	41	ES
------------------------------------------------------
113	1398	58	4	51	55	ES
------------------------------------------------------
113	740	35	2	76	78	ES
------------------------------------------------------
113	1507	62	34	17	51	ET
------------------------------------------------------
113	3542	85	0	28	28	AD
------------------------------------------------------
114	3954	110	0	4	4	AM
------------------------------------------------------
115	1730	69	5	41	46	ES
------------------------------------------------------
115	810	37	3	75	78	ES
------------------------------------------------------
115	1432	59	0	56	56	ET
------------------------------------------------------
116	1777	71	4	41	45	ES
------------------------------------------------------
116	1666	67	4	45	49	ES
------------------------------------------------------
116	1429	59	0	57	57	ET
------------------------------------------------------
116	3956	110	0	6	6	AM
------------------------------------------------------
117	1404	58	4	55	59	ES
------------------------------------------------------
117	1431	59	0	58	58	ET
------------------------------------------------------
117	3957	110	0	7	7	AM
------------------------------------------------------
118	1729	69	5	44	49	ES
------------------------------------------------------
118	1176	50	4	64	68	ES
------------------------------------------------------
119	1339	56	4	59	63	ES
------------------------------------------------------
119	1430	59	0	60	60	ET
------------------------------------------------------
119	3042	59	4	56	60	AS
------------------------------------------------------
119	2665	41	2	76	78	AS
------------------------------------------------------
120	1309	55	3	62	65	ES
------------------------------------------------------
120	2582	37	2	81	83	AS
------------------------------------------------------
120	2943	55	2	63	65	AS
------------------------------------------------------
121	1779	71	4	46	50	ES
------------------------------------------------------
121	1991	79	6	36	42	ES
------------------------------------------------------
121	1783	71	4	46	50	ES
------------------------------------------------------
121	1506	62	35	24	59	ET
------------------------------------------------------
121	1370	57	0	64	64	ET
------------------------------------------------------
122	1368	57	4	61	65	ES
------------------------------------------------------
123	1728	69	5	49	54	ES
------------------------------------------------------
124	1938	77	4	43	47	ES
------------------------------------------------------
125	1989	79	6	40	46	ES
------------------------------------------------------
125	1667	67	4	54	58	ES
------------------------------------------------------
125	1626	66	4	55	59	ES
------------------------------------------------------
125	3107	62	5	58	63	AS
------------------------------------------------------
126	1995	79	6	41	47	ES
------------------------------------------------------
126	1542	63	4	59	63	ES
------------------------------------------------------
126	1933	77	4	45	49	ES
------------------------------------------------------
126	1782	71	4	51	55	ES
------------------------------------------------------
127	1781	71	4	52	56	ES
------------------------------------------------------
127	1306	55	3	69	72	ES
------------------------------------------------------
127	3038	59	3	65	68	AS
------------------------------------------------------
127	2754	46	2	79	81	AS
------------------------------------------------------
128	3958	110	0	18	18	AD
------------------------------------------------------
131	1932	77	4	50	54	ES
------------------------------------------------------
131	2947	55	2	74	76	AS
------------------------------------------------------
138	2971	56	3	79	82	AS
------------------------------------------------------
139	2999	57	3	79	82	AS
------------------------------------------------------
148	3044	59	4	85	89	AS
------------------------------------------------------
148	2755	46	2	100	102	AS
------------------------------------------------------
157	2969	56	3	98	101	AS
------------------------------------------------------
160	2945	55	2	103	105	AS
------------------------------------------------------
160	2949	55	2	103	105	AS
------------------------------------------------------
161	3104	62	4	95	99	AS
------------------------------------------------------
162	3105	62	4	96	100	AS
------------------------------------------------------
164	3210	67	5	92	97	AS
------------------------------------------------------
164	3211	67	5	92	97	AS
------------------------------------------------------
166	3585	87	8	71	79	AS
------------------------------------------------------
167	2975	56	3	108	111	AS
------------------------------------------------------
167	2756	46	2	119	121	AS
------------------------------------------------------
167	2667	41	2	124	126	AS
------------------------------------------------------
167	2775	47	2	118	120	AS
------------------------------------------------------
171	3206	67	4	100	104	AS
------------------------------------------------------
171	3308	72	6	93	99	AS
------------------------------------------------------
174	3181	66	4	104	108	AS
------------------------------------------------------
178	3106	62	5	111	116	AS
------------------------------------------------------
179	3583	87	7	85	92	AS
------------------------------------------------------
181	3185	66	4	111	115	AS
------------------------------------------------------
182	3415	77	7	98	105	AS
------------------------------------------------------
184	3208	67	5	112	117	AS
------------------------------------------------------
187	3409	77	7	103	110	AS
------------------------------------------------------
187	3410	77	7	103	110	AS
------------------------------------------------------
187	3412	77	7	103	110	AS
------------------------------------------------------
190	3109	62	5	123	128	AS
------------------------------------------------------
191	3584	87	8	96	104	AS
------------------------------------------------------
192	3001	57	3	132	135	AS
------------------------------------------------------
192	3187	66	4	122	126	AS
------------------------------------------------------
192	3411	77	7	108	115	AS
------------------------------------------------------
194	3581	87	7	100	107	AS
------------------------------------------------------
198	3209	67	5	126	131	AS
------------------------------------------------------
200	3543	85	7	108	115	AS
------------------------------------------------------
201	3722	95	8	98	106	AS
------------------------------------------------------
202	3725	95	8	99	107	AS
------------------------------------------------------
203	3544	85	7	111	118	AS
------------------------------------------------------
204	3312	72	6	126	132	AS
------------------------------------------------------
204	3720	95	8	101	109	AS
------------------------------------------------------
205	3249	69	5	131	136	AS
------------------------------------------------------
205	3541	85	7	113	120	AS
------------------------------------------------------
206	3314	72	6	128	134	AS
------------------------------------------------------
206	3586	87	8	111	119	AS
------------------------------------------------------
207	3540	85	7	115	122	AS
------------------------------------------------------
208	3587	87	8	113	121	AS
------------------------------------------------------
208	3959	110	6	92	98	AS
------------------------------------------------------
209	3721	95	8	106	114	AS
------------------------------------------------------
212	3955	110	6	96	102	AS
------------------------------------------------------
212	3960	110	6	96	102	AS
------------------------------------------------------

Earth Army
Total Units: 264
ES: 0 Destructed: 82 Percentage Destructed: 100%
ET: 56 Destructed: 32 Percentage Destructed: 36.3636%
EG: 77 Destructed: 1 Percentage Destructed: 1.28205%
HU: 0 Destructed: 16 Percentage Destructed: 100%

Total Destructed: 131
Percentage Destructed: 49.6212%
Average Df: 2.64885
Average Dd: 38.229
Average Db: 40.8779
Df/Db Ratio: 6.47993%
Dd/Db Ratio: 93.5201%
------------------------------------------------------

Alien Army
Total Units: 189
AD: 0 Destructed: 53 Percentage Destructed: 100%
AM: 0 Destructed: 52 Percentage Destructed: 100%
AS: 0 Destructed: 84 Percentage Destructed: 100%

Total Destructed: 189
Percentage Destructed: 100%
Average Df: 2.06349
Average Dd: 43.5079
Average Db: 45.5714
Df/Db Ratio: 4.52804%
Dd/Db Ratio: 95.472%
------------------------------------------------------

Battle Results: Earth Won
------------------------------------------------------
