Td	ID	Tj	Df	Dd	Db	Unit_Type
------------------------------------------------------
4	4	3	0	1	1	ET
------------------------------------------------------
6	7	3	0	3	3	EG
------------------------------------------------------
6	1	3	0	3	3	EG
------------------------------------------------------
8	3	3	5	0	5	HU
------------------------------------------------------
9	2003	2	1	6	7	AS
------------------------------------------------------
9	2004	2	1	6	7	AM
------------------------------------------------------
10	2032	5	0	5	5	AM
------------------------------------------------------
10	2001	2	1	7	8	AD
------------------------------------------------------
10	68	7	0	3	3	EG
------------------------------------------------------
11	2006	2	1	8	9	AS
------------------------------------------------------
12	2002	2	1	9	10	AS
------------------------------------------------------
12	2028	5	0	7	7	AM
------------------------------------------------------
12	66	7	0	5	5	EG
------------------------------------------------------
16	154	13	0	3	3	EG
------------------------------------------------------
17	204	17	0	0	0	HU
------------------------------------------------------
19	2026	5	0	14	14	AS
------------------------------------------------------
20	237	20	0	0	0	HU
------------------------------------------------------
21	2030	5	0	16	16	AS
------------------------------------------------------
21	2135	11	0	10	10	AM
------------------------------------------------------
22	2139	11	0	11	11	AM
------------------------------------------------------
23	2162	12	0	11	11	AM
------------------------------------------------------
23	2027	5	0	18	18	AD
------------------------------------------------------
23	306	23	0	0	0	HU
------------------------------------------------------
24	2104	9	1	14	15	AS
------------------------------------------------------
25	2029	5	0	20	20	AS
------------------------------------------------------
25	2099	9	1	15	16	AS
------------------------------------------------------
28	2005	2	1	25	26	AD
------------------------------------------------------
29	2157	12	0	17	17	AM
------------------------------------------------------
29	434	29	0	0	0	HU
------------------------------------------------------
30	2159	12	1	17	18	AM
------------------------------------------------------
30	2000	2	1	27	28	AD
------------------------------------------------------
30	462	30	0	0	0	HU
------------------------------------------------------
31	2158	12	1	18	19	AM
------------------------------------------------------
31	433	29	2	0	2	HU
------------------------------------------------------
32	2200	14	0	18	18	AM
------------------------------------------------------
32	2	3	0	29	29	ES
------------------------------------------------------
33	206	17	0	16	16	EG
------------------------------------------------------
34	2031	5	0	29	29	AD
------------------------------------------------------
34	561	34	0	0	0	HU
------------------------------------------------------
34	461	30	0	4	4	EG
------------------------------------------------------
35	239	20	0	15	15	EG
------------------------------------------------------
36	2318	20	0	16	16	AM
------------------------------------------------------
36	273	22	0	14	14	EG
------------------------------------------------------
37	2379	23	1	13	14	AM
------------------------------------------------------
38	2100	9	1	28	29	AS
------------------------------------------------------
38	2469	27	1	10	11	AM
------------------------------------------------------
38	2138	11	0	27	27	AM
------------------------------------------------------
40	2203	14	0	26	26	AM
------------------------------------------------------
41	2280	18	2	21	23	AM
------------------------------------------------------
41	2383	23	0	18	18	AM
------------------------------------------------------
41	2408	24	1	16	17	AM
------------------------------------------------------
41	703	41	0	0	0	HU
------------------------------------------------------
42	2283	18	3	21	24	AM
------------------------------------------------------
42	302	23	0	19	19	ET
------------------------------------------------------
44	2279	18	1	25	26	AM
------------------------------------------------------
44	771	44	0	0	0	HU
------------------------------------------------------
45	2201	14	1	30	31	AS
------------------------------------------------------
46	2199	14	0	32	32	AM
------------------------------------------------------
47	2702	37	0	10	10	AM
------------------------------------------------------
47	2261	17	0	30	30	AM
------------------------------------------------------
49	2407	24	0	25	25	AM
------------------------------------------------------
50	2282	18	6	26	32	AM
------------------------------------------------------
50	922	50	0	0	0	HU
------------------------------------------------------
51	2263	17	3	31	34	AM
------------------------------------------------------
51	952	51	0	0	0	HU
------------------------------------------------------
52	2470	27	3	22	25	AM
------------------------------------------------------
52	2098	9	2	41	43	AD
------------------------------------------------------
53	2281	18	0	35	35	AM
------------------------------------------------------
55	2561	31	0	24	24	AM
------------------------------------------------------
56	2284	18	2	36	38	AS
------------------------------------------------------
59	2197	14	0	45	45	AM
------------------------------------------------------
59	2315	20	0	39	39	AD
------------------------------------------------------
61	516	32	0	29	29	ET
------------------------------------------------------
61	276	22	0	39	39	ET
------------------------------------------------------
61	457	30	1	30	31	ET
------------------------------------------------------
61	2103	9	1	51	52	AS
------------------------------------------------------
61	2517	29	2	30	32	AM
------------------------------------------------------
61	2101	9	0	52	52	AD
------------------------------------------------------
62	274	22	0	40	40	ET
------------------------------------------------------
62	513	32	0	30	30	ET
------------------------------------------------------
62	459	30	0	32	32	ET
------------------------------------------------------
62	2652	35	0	27	27	AM
------------------------------------------------------
62	2815	41	0	21	21	AM
------------------------------------------------------
64	2260	17	2	45	47	AS
------------------------------------------------------
64	2605	33	4	27	31	AM
------------------------------------------------------
65	2946	46	0	19	19	AM
------------------------------------------------------
65	773	44	0	21	21	EG
------------------------------------------------------
66	2601	33	0	33	33	AM
------------------------------------------------------
66	2839	42	1	23	24	AM
------------------------------------------------------
67	921	50	0	17	17	ET
------------------------------------------------------
67	2889	44	1	22	23	AM
------------------------------------------------------
67	899	49	0	18	18	EG
------------------------------------------------------
68	953	51	1	16	17	ET
------------------------------------------------------
68	2555	31	1	36	37	AM
------------------------------------------------------
68	2134	11	0	57	57	AD
------------------------------------------------------
68	617	37	0	31	31	EG
------------------------------------------------------
69	925	50	0	19	19	ET
------------------------------------------------------
69	514	32	0	37	37	ET
------------------------------------------------------
69	2156	12	1	56	57	AS
------------------------------------------------------
69	2915	45	0	24	24	AM
------------------------------------------------------
69	2952	46	9	14	23	AM
------------------------------------------------------
69	2950	46	2	21	23	AM
------------------------------------------------------
69	663	39	0	30	30	EG
------------------------------------------------------
70	951	51	2	17	19	ET
------------------------------------------------------
70	871	48	0	22	22	ET
------------------------------------------------------
70	2160	12	1	57	58	AS
------------------------------------------------------
70	2842	42	1	27	28	AM
------------------------------------------------------
70	279	22	0	48	48	EG
------------------------------------------------------
71	2975	47	2	22	24	AM
------------------------------------------------------
71	2890	44	3	24	27	AM
------------------------------------------------------
71	776	44	0	27	27	EG
------------------------------------------------------
72	898	49	0	23	23	ET
------------------------------------------------------
72	2604	33	0	39	39	AM
------------------------------------------------------
72	2918	45	5	22	27	AM
------------------------------------------------------
72	2755	39	0	33	33	AM
------------------------------------------------------
72	2704	37	2	33	35	AM
------------------------------------------------------
72	747	43	0	29	29	EG
------------------------------------------------------
72	872	48	0	24	24	EG
------------------------------------------------------
73	900	49	0	24	24	ET
------------------------------------------------------
73	874	48	0	25	25	ET
------------------------------------------------------
74	2137	11	1	62	63	AS
------------------------------------------------------
74	2951	46	7	21	28	AM
------------------------------------------------------
74	2756	39	5	30	35	AM
------------------------------------------------------
74	870	48	0	26	26	EG
------------------------------------------------------
75	873	48	0	27	27	ET
------------------------------------------------------
75	825	46	0	29	29	ET
------------------------------------------------------
76	826	46	0	30	30	ET
------------------------------------------------------
76	920	50	0	26	26	EG
------------------------------------------------------
77	823	46	0	31	31	ET
------------------------------------------------------
77	275	22	0	55	55	EG
------------------------------------------------------
77	430	29	0	48	48	EG
------------------------------------------------------
78	897	49	0	29	29	EG
------------------------------------------------------
78	616	37	0	41	41	EG
------------------------------------------------------
78	303	23	0	55	55	EG
------------------------------------------------------
79	821	46	20	13	33	ET
------------------------------------------------------
79	824	46	0	33	33	ET
------------------------------------------------------
79	2382	23	3	53	56	AS
------------------------------------------------------
79	2385	23	3	53	56	AS
------------------------------------------------------
79	772	44	0	35	35	EG
------------------------------------------------------
79	748	43	0	36	36	EG
------------------------------------------------------
79	305	23	0	56	56	EG
------------------------------------------------------
79	666	39	0	40	40	EG
------------------------------------------------------
79	775	44	0	35	35	EG
------------------------------------------------------
79	460	30	0	49	49	EG
------------------------------------------------------
79	356	25	0	54	54	EG
------------------------------------------------------
80	751	43	0	37	37	ET
------------------------------------------------------
80	2161	12	0	68	68	AD
------------------------------------------------------
80	956	51	0	29	29	EG
------------------------------------------------------
80	619	37	0	43	43	EG
------------------------------------------------------
80	621	37	0	43	43	EG
------------------------------------------------------
80	353	25	1	54	55	EG
------------------------------------------------------
80	998	53	0	27	27	EG
------------------------------------------------------
80	510	32	0	48	48	EG
------------------------------------------------------
80	770	44	3	33	36	EG
------------------------------------------------------
81	750	43	0	38	38	ET
------------------------------------------------------
81	704	41	1	39	40	ET
------------------------------------------------------
83	749	43	0	40	40	ET
------------------------------------------------------
83	707	41	1	41	42	ET
------------------------------------------------------
85	661	39	0	46	46	ET
------------------------------------------------------
88	622	37	0	51	51	ET
------------------------------------------------------
89	667	39	0	50	50	ET
------------------------------------------------------
89	706	41	1	47	48	ET
------------------------------------------------------
90	155	13	0	77	77	ET
------------------------------------------------------
90	304	23	0	67	67	ET
------------------------------------------------------
90	354	25	0	65	65	ET
------------------------------------------------------
90	2314	20	2	68	70	AS
------------------------------------------------------
91	278	22	0	69	69	ET
------------------------------------------------------
95	2472	27	4	64	68	AS
------------------------------------------------------
103	2316	20	2	81	83	AS
------------------------------------------------------
109	2198	14	1	94	95	AS
------------------------------------------------------
109	2404	24	3	82	85	AS
------------------------------------------------------
109	2406	24	3	82	85	AS
------------------------------------------------------
110	2202	14	1	95	96	AS
------------------------------------------------------
112	2516	29	4	79	83	AS
------------------------------------------------------
114	2259	17	2	95	97	AS
------------------------------------------------------
114	2313	20	2	92	94	AS
------------------------------------------------------
115	2658	35	6	74	80	AS
------------------------------------------------------
117	2557	31	4	82	86	AS
------------------------------------------------------
119	2707	37	8	74	82	AS
------------------------------------------------------
119	2708	37	8	74	82	AS
------------------------------------------------------
120	2405	24	3	93	96	AS
------------------------------------------------------
120	2409	24	3	93	96	AS
------------------------------------------------------
120	2730	38	8	74	82	AS
------------------------------------------------------
122	2606	33	5	84	89	AS
------------------------------------------------------
124	2258	17	2	105	107	AS
------------------------------------------------------
124	2629	34	5	85	90	AS
------------------------------------------------------
126	2788	40	10	76	86	AS
------------------------------------------------------
127	2654	35	6	86	92	AS
------------------------------------------------------
128	2381	23	3	102	105	AS
------------------------------------------------------
129	2560	31	4	94	98	AS
------------------------------------------------------
130	2473	27	4	99	103	AS
------------------------------------------------------
132	2728	38	8	86	94	AS
------------------------------------------------------
135	6	3	0	132	132	ES
------------------------------------------------------
135	2783	40	9	86	95	AS
------------------------------------------------------
135	2812	41	10	84	94	AS
------------------------------------------------------
138	2893	44	12	82	94	AS
------------------------------------------------------
138	2895	44	12	82	94	AS
------------------------------------------------------
139	2972	47	13	79	92	AS
------------------------------------------------------
141	2787	40	9	92	101	AS
------------------------------------------------------
141	2518	29	5	107	112	AS
------------------------------------------------------
141	2813	41	10	90	100	AS
------------------------------------------------------
143	2657	35	6	102	108	AS
------------------------------------------------------
144	2471	27	4	113	117	AS
------------------------------------------------------
146	2976	47	13	86	99	AS
------------------------------------------------------
146	2753	39	9	98	107	AS
------------------------------------------------------
148	2782	40	9	99	108	AS
------------------------------------------------------
148	2653	35	6	107	113	AS
------------------------------------------------------
149	2556	31	4	114	118	AS
------------------------------------------------------
149	2865	43	12	94	106	AS
------------------------------------------------------
150	2558	31	4	115	119	AS
------------------------------------------------------
150	2705	37	7	106	113	AS
------------------------------------------------------
151	2602	33	5	113	118	AS
------------------------------------------------------
152	34	5	2	145	147	ES
------------------------------------------------------
152	2628	34	5	113	118	AS
------------------------------------------------------
152	2631	34	5	113	118	AS
------------------------------------------------------
152	2785	40	9	103	112	AS
------------------------------------------------------
153	2655	35	6	112	118	AS
------------------------------------------------------
153	2862	43	11	99	110	AS
------------------------------------------------------
154	2559	31	4	119	123	AS
------------------------------------------------------
154	2894	44	12	98	110	AS
------------------------------------------------------
154	2948	46	12	96	108	AS
------------------------------------------------------
155	2600	33	5	117	122	AS
------------------------------------------------------
158	2841	42	11	105	116	AS
------------------------------------------------------
158	2863	43	11	104	115	AS
------------------------------------------------------
158	2864	43	11	104	115	AS
------------------------------------------------------
158	2949	46	12	100	112	AS
------------------------------------------------------
159	2732	38	8	113	121	AS
------------------------------------------------------
159	2977	47	13	99	112	AS
------------------------------------------------------
159	2603	33	5	121	126	AS
------------------------------------------------------
159	2757	39	9	111	120	AS
------------------------------------------------------
159	2809	41	10	108	118	AS
------------------------------------------------------
160	2836	42	11	107	118	AS
------------------------------------------------------
160	2703	37	7	116	123	AS
------------------------------------------------------
160	2921	45	12	103	115	AS
------------------------------------------------------
161	2656	35	6	120	126	AS
------------------------------------------------------
161	2759	39	9	113	122	AS
------------------------------------------------------
163	2814	41	10	112	122	AS
------------------------------------------------------
163	2840	42	11	110	121	AS
------------------------------------------------------
163	2754	39	9	115	124	AS
------------------------------------------------------

Earth Army

Total Units: 151
ES	Total: 65 Alive: 62 Destructed: 3 Percentage Destructed: 4.61538%
ET	Total: 36 Alive: 0 Destructed: 36 Percentage Destructed: 100%
EG	Total: 38 Alive: 0 Destructed: 38 Percentage Destructed: 100%
HU	Total: 12 Alive: 0 Destructed: 12 Percentage Destructed: 100%

Total Destructed: 89
Percentage Destructed: 58.9404%
Total Infected: 8 Percentage Infected: 12.3077%

Average Df: 0.449438
Average Dd: 30.4719
Average Db: 30.9213
Df/Db Ratio: 1.45349%
Dd/Db Ratio: 98.5465%
------------------------------------------------------

Alien Army

Total Units: 196
AD	Total: 56 Alive: 46 Destructed: 10 Percentage Destructed: 17.8571%
AM	Total: 51 Alive: 0 Destructed: 51 Percentage Destructed: 100%
AS	Total: 89 Alive: 0 Destructed: 89 Percentage Destructed: 100%

Total Destructed: 150
Percentage Destructed: 76.5306%

Average Df: 3.99333
Average Dd: 59.8
Average Db: 63.7933
Df/Db Ratio: 6.2598%
Dd/Db Ratio: 93.7402%
------------------------------------------------------

Battle Results: 
Finish Timestep: 163
Tie
------------------------------------------------------
