Td	ID	Tj	Df	Dd	Db	Unit_Type
------------------------------------------------------
12	2006	3	1	8	9	AM
------------------------------------------------------
15	2005	3	1	11	12	AM
------------------------------------------------------
18	2002	3	0	15	15	AS
------------------------------------------------------
18	101	18	0	0	0	HU
------------------------------------------------------
18	43	12	0	6	6	ET
------------------------------------------------------
19	96	18	1	0	1	HU
------------------------------------------------------
22	140	22	0	0	0	HU
------------------------------------------------------
27	187	27	0	0	0	HU
------------------------------------------------------
28	200	28	0	0	0	HU
------------------------------------------------------
29	2114	27	0	2	2	AS
------------------------------------------------------
29	158	24	5	0	5	ET
------------------------------------------------------
31	2004	3	11	17	28	AM
------------------------------------------------------
32	117	20	0	12	12	ET
------------------------------------------------------
32	57	14	0	18	18	ET
------------------------------------------------------
36	2000	3	0	33	33	AS
------------------------------------------------------
38	160	24	0	14	14	ET
------------------------------------------------------
43	134	22	1	20	21	ET
------------------------------------------------------
44	328	44	0	0	0	HU
------------------------------------------------------
44	41	12	11	21	32	ES
------------------------------------------------------
44	157	24	5	15	20	ET
------------------------------------------------------
46	2115	27	1	18	19	AS
------------------------------------------------------
48	2111	27	1	20	21	AM
------------------------------------------------------
52	156	24	18	10	28	ET
------------------------------------------------------
54	218	30	0	24	24	ET
------------------------------------------------------
58	2003	3	0	55	55	AM
------------------------------------------------------
58	424	58	0	0	0	HU
------------------------------------------------------
62	2110	27	1	34	35	AM
------------------------------------------------------
64	331	44	0	20	20	ET
------------------------------------------------------
64	100	18	1	45	46	ET
------------------------------------------------------
65	327	44	0	21	21	EG
------------------------------------------------------
66	474	66	0	0	0	HU
------------------------------------------------------
66	426	58	0	8	8	ET
------------------------------------------------------
67	2112	27	2	38	40	AM
------------------------------------------------------
81	567	81	0	0	0	HU
------------------------------------------------------
82	2113	27	3	52	55	AM
------------------------------------------------------
83	2363	81	2	0	2	AS
------------------------------------------------------
84	2001	3	9	72	81	AD
------------------------------------------------------
86	2392	85	1	0	1	AM
------------------------------------------------------
86	2391	85	0	1	1	AD
------------------------------------------------------
90	2116	27	0	63	63	AM
------------------------------------------------------
91	514	71	0	20	20	ET
------------------------------------------------------
91	2387	85	0	6	6	AM
------------------------------------------------------
93	219	30	63	0	63	ES
------------------------------------------------------
98	2388	85	1	12	13	AM
------------------------------------------------------
100	82	17	17	66	83	ES
------------------------------------------------------
103	2465	98	0	5	5	AM
------------------------------------------------------
105	2451	96	0	9	9	AM
------------------------------------------------------
112	136	22	20	70	90	ES
------------------------------------------------------
120	2541	119	0	1	1	AM
------------------------------------------------------
122	2468	98	10	14	24	AS
------------------------------------------------------
125	2362	81	2	42	44	AS
------------------------------------------------------
128	2569	125	0	3	3	AD
------------------------------------------------------
130	2538	119	0	11	11	AM
------------------------------------------------------
134	835	134	0	0	0	ET
------------------------------------------------------
136	475	66	70	0	70	ES
------------------------------------------------------
139	2619	133	0	6	6	AD
------------------------------------------------------
144	2574	125	0	19	19	AM
------------------------------------------------------
145	2677	142	0	3	3	AM
------------------------------------------------------
146	2676	142	0	4	4	AM
------------------------------------------------------
146	2644	136	0	10	10	AM
------------------------------------------------------
147	185	27	57	63	120	ES
------------------------------------------------------
156	940	154	2	0	2	HU
------------------------------------------------------
156	958	155	0	1	1	ET
------------------------------------------------------
157	976	157	0	0	0	ET
------------------------------------------------------
160	899	144	16	0	16	HU
------------------------------------------------------
161	2759	157	0	4	4	AM
------------------------------------------------------
161	891	142	19	0	19	HU
------------------------------------------------------
161	974	157	1	3	4	ET
------------------------------------------------------
162	876	140	22	0	22	HU
------------------------------------------------------
163	845	136	27	0	27	HU
------------------------------------------------------
164	788	128	36	0	36	HU
------------------------------------------------------
165	781	127	38	0	38	HU
------------------------------------------------------
166	2675	142	24	0	24	AS
------------------------------------------------------
166	767	126	40	0	40	HU
------------------------------------------------------
167	695	108	59	0	59	HU
------------------------------------------------------
168	652	98	70	0	70	HU
------------------------------------------------------
169	636	96	73	0	73	HU
------------------------------------------------------
169	956	155	0	14	14	ET
------------------------------------------------------
175	248	34	64	77	141	ES
------------------------------------------------------
176	2758	157	1	18	19	AM
------------------------------------------------------
178	2723	152	0	26	26	AM
------------------------------------------------------
180	945	154	0	26	26	ET
------------------------------------------------------
180	2802	163	3	14	17	AM
------------------------------------------------------
182	2718	152	2	28	30	AM
------------------------------------------------------
186	2959	185	0	1	1	AM
------------------------------------------------------
189	2620	133	22	34	56	AS
------------------------------------------------------
195	2851	170	11	14	25	AD
------------------------------------------------------
197	942	154	10	33	43	ET
------------------------------------------------------
202	2360	81	1	120	121	AS
------------------------------------------------------
203	2466	98	9	96	105	AS
------------------------------------------------------
205	926	152	0	53	53	ET
------------------------------------------------------
205	2852	170	1	34	35	AM
------------------------------------------------------
208	2956	185	0	23	23	AM
------------------------------------------------------
208	40	12	11	185	196	ES
------------------------------------------------------
209	731	119	90	0	90	ES
------------------------------------------------------
214	925	152	43	19	62	ET
------------------------------------------------------
215	2722	152	0	63	63	AD
------------------------------------------------------
217	330	44	72	101	173	ES
------------------------------------------------------
230	568	81	0	149	149	EG
------------------------------------------------------
234	922	152	13	69	82	EG
------------------------------------------------------
236	570	81	81	74	155	EG
------------------------------------------------------
237	921	152	83	2	85	ET
------------------------------------------------------
238	2803	163	0	75	75	AD
------------------------------------------------------
238	800	129	109	0	109	ES
------------------------------------------------------
240	957	155	14	71	85	EG
------------------------------------------------------
241	832	134	23	84	107	EG
------------------------------------------------------
244	924	152	52	40	92	ET
------------------------------------------------------
256	2643	136	25	95	120	AS
------------------------------------------------------
258	848	136	122	0	122	ES
------------------------------------------------------
260	84	17	57	186	243	EG
------------------------------------------------------
269	850	136	123	10	133	ES
------------------------------------------------------
270	820	133	120	17	137	EG
------------------------------------------------------
272	903	144	16	112	128	EG
------------------------------------------------------
276	904	144	0	132	132	ET
------------------------------------------------------
277	2906	178	43	56	99	AS
------------------------------------------------------
284	943	154	14	116	130	EG
------------------------------------------------------
284	890	142	10	132	142	EG
------------------------------------------------------
298	2756	157	1	140	141	AD
------------------------------------------------------
298	196	28	59	211	270	ES
------------------------------------------------------
302	115	20	0	282	282	EG
------------------------------------------------------
303	473	66	0	237	237	EG
------------------------------------------------------
304	708	111	107	86	193	EG
------------------------------------------------------
307	2642	136	25	146	171	AS
------------------------------------------------------
309	2800	163	5	141	146	AD
------------------------------------------------------
330	2909	178	46	106	152	AS
------------------------------------------------------
337	85	17	18	302	320	ES
------------------------------------------------------
348	2618	133	21	194	215	AS
------------------------------------------------------
350	2754	157	34	159	193	AS
------------------------------------------------------
356	138	22	21	313	334	ES
------------------------------------------------------
360	706	111	85	164	249	ES
------------------------------------------------------
367	2470	98	11	258	269	AS
------------------------------------------------------
386	2448	96	7	283	290	AS
------------------------------------------------------
391	44	12	13	366	379	ES
------------------------------------------------------
391	2955	185	52	154	206	AS
------------------------------------------------------
399	2621	133	23	243	266	AS
------------------------------------------------------
400	817	133	114	153	267	ES
------------------------------------------------------
407	428	58	76	273	349	ES
------------------------------------------------------
436	2450	96	8	332	340	AS
------------------------------------------------------
438	2954	185	51	202	253	AS
------------------------------------------------------
441	920	152	137	152	289	ES
------------------------------------------------------
455	2467	98	10	347	357	AS
------------------------------------------------------
456	2469	98	11	347	358	AS
------------------------------------------------------
457	2679	142	26	289	315	AS
------------------------------------------------------
468	638	96	73	299	372	ES
------------------------------------------------------
479	669	102	79	298	377	ES
------------------------------------------------------
496	2805	163	38	295	333	AS
------------------------------------------------------
498	2681	142	27	329	356	AS
------------------------------------------------------
502	2570	125	18	359	377	AS
------------------------------------------------------
513	2926	181	45	287	332	AS
------------------------------------------------------
514	2927	181	46	287	333	AS
------------------------------------------------------
522	2958	185	53	284	337	AS
------------------------------------------------------
524	734	119	93	312	405	ES
------------------------------------------------------
527	765	126	98	303	401	ES
------------------------------------------------------
528	365	49	73	406	479	ES
------------------------------------------------------
530	2536	119	15	396	411	AS
------------------------------------------------------
535	2640	136	24	375	399	AS
------------------------------------------------------
543	19	4	8	531	539	ES
------------------------------------------------------
546	2361	81	1	464	465	AS
------------------------------------------------------
547	417	57	74	416	490	ES
------------------------------------------------------
548	2364	81	3	464	467	AS
------------------------------------------------------
549	2365	81	3	465	468	AS
------------------------------------------------------
566	470	66	69	431	500	ES
------------------------------------------------------
588	2389	85	4	499	503	AS
------------------------------------------------------
602	2755	157	35	410	445	AS
------------------------------------------------------
605	2638	136	23	446	469	AS
------------------------------------------------------
616	641	96	75	445	520	ES
------------------------------------------------------
618	217	30	63	525	588	ES
------------------------------------------------------
636	98	18	20	598	618	ES
------------------------------------------------------
643	2678	142	25	476	501	AS
------------------------------------------------------
670	764	126	97	447	544	ES
------------------------------------------------------
671	42	12	12	647	659	ES
------------------------------------------------------
677	755	125	95	457	552	ES
------------------------------------------------------
681	769	126	99	456	555	ES
------------------------------------------------------
689	2447	96	6	587	593	AS
------------------------------------------------------
700	2615	133	20	547	567	AS
------------------------------------------------------
701	425	58	75	568	643	ES
------------------------------------------------------
702	2535	119	14	569	583	AS
------------------------------------------------------
709	492	68	72	569	641	ES
------------------------------------------------------
714	487	68	69	577	646	ES
------------------------------------------------------
717	902	144	135	438	573	ES
------------------------------------------------------
741	22	4	9	728	737	ES
------------------------------------------------------
746	973	157	143	446	589	ES
------------------------------------------------------
748	197	28	59	661	720	ES
------------------------------------------------------
761	83	17	17	727	744	ES
------------------------------------------------------
767	680	104	83	580	663	ES
------------------------------------------------------
788	721	114	91	583	674	ES
------------------------------------------------------
806	2905	178	42	586	628	AS
------------------------------------------------------
815	806	130	111	574	685	ES
------------------------------------------------------
816	779	127	102	587	689	ES
------------------------------------------------------
851	2616	133	20	698	718	AS
------------------------------------------------------
860	2849	170	38	652	690	AS
------------------------------------------------------
874	195	28	58	788	846	ES
------------------------------------------------------
874	216	30	62	782	844	ES
------------------------------------------------------
887	2799	163	36	688	724	AS
------------------------------------------------------
919	1	1	2	916	918	ES
------------------------------------------------------
924	722	114	91	719	810	ES
------------------------------------------------------
930	777	127	101	702	803	ES
------------------------------------------------------
934	752	125	93	716	809	ES
------------------------------------------------------
943	2801	163	37	743	780	AS
------------------------------------------------------
950	2572	125	20	805	825	AS
------------------------------------------------------
967	889	142	133	692	825	ES
------------------------------------------------------
970	874	140	128	702	830	ES
------------------------------------------------------
991	2720	152	33	806	839	AS
------------------------------------------------------
1011	2929	181	48	782	830	AS
------------------------------------------------------
1014	8	3	4	1007	1011	ES
------------------------------------------------------
1023	2359	81	0	942	942	AS
------------------------------------------------------
1024	87	17	19	988	1007	ES
------------------------------------------------------
1027	2854	170	40	817	857	AS
------------------------------------------------------
1029	9	3	5	1021	1026	ES
------------------------------------------------------
1031	2908	178	45	808	853	AS
------------------------------------------------------
1072	807	130	112	830	942	ES
------------------------------------------------------
1077	819	133	115	829	944	ES
------------------------------------------------------
1083	2449	96	7	980	987	AS
------------------------------------------------------
1097	2853	170	39	888	927	AS
------------------------------------------------------
1104	2932	181	50	873	923	AS
------------------------------------------------------
1113	597	85	67	961	1028	ES
------------------------------------------------------
1115	2680	142	26	947	973	AS
------------------------------------------------------
1123	2930	181	49	893	942	AS
------------------------------------------------------
1130	2453	96	9	1025	1034	AS
------------------------------------------------------
1135	2641	136	24	975	999	AS
------------------------------------------------------
1142	649	98	76	968	1044	ES
------------------------------------------------------
1143	251	34	65	1044	1109	ES
------------------------------------------------------
1145	2717	152	32	961	993	AS
------------------------------------------------------
1158	697	108	85	965	1050	ES
------------------------------------------------------
1160	2931	181	50	929	979	AS
------------------------------------------------------
1164	2753	157	34	973	1007	AS
------------------------------------------------------
1179	2928	181	47	951	998	AS
------------------------------------------------------
1182	2721	152	34	996	1030	AS
------------------------------------------------------
1193	2386	85	4	1104	1108	AS
------------------------------------------------------
1209	2390	85	5	1119	1124	AS
------------------------------------------------------
1215	2639	136	23	1056	1079	AS
------------------------------------------------------
1220	2907	178	44	998	1042	AS
------------------------------------------------------
1229	2464	98	9	1122	1131	AS
------------------------------------------------------
1238	2540	119	17	1102	1119	AS
------------------------------------------------------
1253	247	34	63	1156	1219	ES
------------------------------------------------------
1253	2575	125	21	1107	1128	AS
------------------------------------------------------
1265	2617	133	21	1111	1132	AS
------------------------------------------------------
1279	2571	125	19	1135	1154	AS
------------------------------------------------------
1284	326	44	71	1169	1240	ES
------------------------------------------------------
1285	2757	157	35	1093	1128	AS
------------------------------------------------------
1286	2539	119	16	1151	1167	AS
------------------------------------------------------
1287	2855	170	41	1076	1117	AS
------------------------------------------------------
1290	735	119	94	1077	1171	ES
------------------------------------------------------
1298	2957	185	52	1061	1113	AS
------------------------------------------------------
1301	2850	170	39	1092	1131	AS
------------------------------------------------------
1302	2573	125	21	1156	1177	AS
------------------------------------------------------
1303	2452	96	9	1198	1207	AS
------------------------------------------------------
1305	797	129	107	1069	1176	ES
------------------------------------------------------
1307	2804	163	38	1106	1144	AS
------------------------------------------------------
1310	2537	119	16	1175	1191	AS
------------------------------------------------------
1330	2719	152	32	1146	1178	AS
------------------------------------------------------
1331	2910	178	46	1107	1153	AS
------------------------------------------------------
1335	2960	185	54	1096	1150	AS
------------------------------------------------------
1346	2904	178	41	1127	1168	AS
------------------------------------------------------

Earth Army
Total Units: 337
ES	Alive: 167 Destructed: 69 Percentage Destructed: 29.2373%
ET	Alive: 27 Destructed: 25 Percentage Destructed: 48.0769%
EG	Alive: 15 Destructed: 14 Percentage Destructed: 48.2759%
HU	Alive: 0 Destructed: 20 Percentage Destructed: 100%

Total Destructed: 128
Percentage Destructed: 37.9822%
Average Df: 46.6719
Average Dd: 292.25
Average Db: 338.922
Df/Db Ratio: 13.7707%
Dd/Db Ratio: 86.2293%
------------------------------------------------------

Alien Army
Total Units: 126
AD	Alive: 0 Destructed: 9 Percentage Destructed: 100%
AM	Alive: 0 Destructed: 28 Percentage Destructed: 100%
AS	Alive: 0 Destructed: 89 Percentage Destructed: 100%

Total Destructed: 126
Percentage Destructed: 100%
Average Df: 18.1111
Average Dd: 446.992
Average Db: 465.103
Df/Db Ratio: 3.894%
Dd/Db Ratio: 96.106%
------------------------------------------------------

Battle Results: Earth Won
------------------------------------------------------
