Td	ID	Tj	Df	Dd	Db	Unit_Type
------------------------------------------------------
8	2002	2	0	6	6	AS
------------------------------------------------------
9	2006	2	0	7	7	AM
------------------------------------------------------
10	2020	3	0	7	7	AD
------------------------------------------------------
11	2000	2	0	9	9	AD
------------------------------------------------------
11	2051	4	0	7	7	AM
------------------------------------------------------
12	2021	3	0	9	9	AD
------------------------------------------------------
12	2004	2	0	10	10	AS
------------------------------------------------------
13	2053	4	0	9	9	AM
------------------------------------------------------
13	2024	3	0	10	10	AM
------------------------------------------------------
13	231	13	0	0	0	HU
------------------------------------------------------
14	2026	3	0	11	11	AS
------------------------------------------------------
14	2052	4	0	10	10	AD
------------------------------------------------------
14	2050	4	0	10	10	AM
------------------------------------------------------
14	2001	2	0	12	12	AS
------------------------------------------------------
14	2023	3	0	11	11	AS
------------------------------------------------------
15	2005	2	0	13	13	AS
------------------------------------------------------
15	68	5	0	10	10	EG
------------------------------------------------------
16	234	13	0	3	3	EG
------------------------------------------------------
17	236	13	0	4	4	EG
------------------------------------------------------
18	2003	2	0	16	16	AS
------------------------------------------------------
18	2022	3	0	15	15	AS
------------------------------------------------------
19	2215	13	0	6	6	AM
------------------------------------------------------
19	2025	3	0	16	16	AS
------------------------------------------------------
21	2049	4	0	17	17	AD
------------------------------------------------------
22	3	1	1	20	21	ET
------------------------------------------------------
23	44	4	0	19	19	ES
------------------------------------------------------
23	5	1	1	21	22	ES
------------------------------------------------------
23	70	5	0	18	18	ET
------------------------------------------------------
23	43	4	0	19	19	ET
------------------------------------------------------
23	72	5	0	18	18	ET
------------------------------------------------------
23	2212	13	1	9	10	AS
------------------------------------------------------
23	2047	4	1	18	19	AS
------------------------------------------------------
23	338	23	0	0	0	HU
------------------------------------------------------
23	2048	4	1	18	19	AS
------------------------------------------------------
23	2266	15	1	7	8	AS
------------------------------------------------------
23	304	19	0	4	4	EG
------------------------------------------------------
24	2242	14	1	9	10	AS
------------------------------------------------------
24	367	24	0	0	0	HU
------------------------------------------------------
25	2267	15	1	9	10	AS
------------------------------------------------------
25	2313	17	2	6	8	AS
------------------------------------------------------
25	2237	14	1	10	11	AS
------------------------------------------------------
26	2314	17	2	7	9	AS
------------------------------------------------------
27	2265	15	1	11	12	AS
------------------------------------------------------
27	2315	17	0	10	10	AM
------------------------------------------------------
27	2263	15	0	12	12	AM
------------------------------------------------------
27	2238	14	1	12	13	AS
------------------------------------------------------
27	2210	13	1	13	14	AS
------------------------------------------------------
28	2339	18	1	9	10	AS
------------------------------------------------------
28	2309	17	1	10	11	AS
------------------------------------------------------
29	2241	14	1	14	15	AS
------------------------------------------------------
29	2239	14	0	15	15	AM
------------------------------------------------------
30	2216	13	1	16	17	AS
------------------------------------------------------
30	2345	18	1	11	12	AS
------------------------------------------------------
30	2340	18	3	9	12	AM
------------------------------------------------------
30	2236	14	1	15	16	AS
------------------------------------------------------
30	2430	22	1	7	8	AS
------------------------------------------------------
31	2310	17	0	14	14	AM
------------------------------------------------------
31	2311	17	2	12	14	AS
------------------------------------------------------
32	2429	22	1	9	10	AS
------------------------------------------------------
32	2211	13	0	19	19	AD
------------------------------------------------------
33	574	33	0	0	0	HU
------------------------------------------------------
34	2344	18	1	15	16	AM
------------------------------------------------------
34	573	33	1	0	1	HU
------------------------------------------------------
35	2342	18	2	15	17	AM
------------------------------------------------------
35	570	33	2	0	2	HU
------------------------------------------------------
36	2432	22	1	13	14	AS
------------------------------------------------------
36	2621	29	0	7	7	AM
------------------------------------------------------
36	569	33	3	0	3	HU
------------------------------------------------------
39	2564	27	1	11	12	AS
------------------------------------------------------
39	2431	22	2	15	17	AM
------------------------------------------------------
39	2341	18	1	20	21	AD
------------------------------------------------------
39	732	39	0	0	0	HU
------------------------------------------------------
39	2565	27	1	11	12	AS
------------------------------------------------------
40	2618	29	1	10	11	AS
------------------------------------------------------
40	2619	29	1	10	11	AS
------------------------------------------------------
40	2214	13	0	27	27	AD
------------------------------------------------------
41	2623	29	0	12	12	AM
------------------------------------------------------
41	2651	30	1	10	11	AS
------------------------------------------------------
42	2649	30	1	11	12	AM
------------------------------------------------------
42	2590	28	0	14	14	AM
------------------------------------------------------
42	2650	30	1	11	12	AM
------------------------------------------------------
42	2268	15	0	27	27	AM
------------------------------------------------------
42	815	42	0	0	0	HU
------------------------------------------------------
43	2561	27	1	15	16	AS
------------------------------------------------------
43	2589	28	0	15	15	AM
------------------------------------------------------
43	814	42	1	0	1	HU
------------------------------------------------------
43	2647	30	1	12	13	AS
------------------------------------------------------
44	2648	30	1	13	14	AS
------------------------------------------------------
44	2652	30	1	13	14	AS
------------------------------------------------------
44	868	44	0	0	0	HU
------------------------------------------------------
45	2593	28	1	16	17	AS
------------------------------------------------------
45	892	45	0	0	0	HU
------------------------------------------------------
46	2562	27	1	18	19	AS
------------------------------------------------------
46	891	45	1	0	1	HU
------------------------------------------------------
46	2592	28	1	17	18	AS
------------------------------------------------------
47	864	44	3	0	3	HU
------------------------------------------------------
48	2624	29	1	18	19	AS
------------------------------------------------------
48	2622	29	0	19	19	AM
------------------------------------------------------
48	2792	35	0	13	13	AM
------------------------------------------------------
48	2755	34	0	14	14	AD
------------------------------------------------------
48	4015	12	1	35	36	SU
------------------------------------------------------
49	2761	34	1	14	15	AS
------------------------------------------------------
49	2853	37	0	12	12	AM
------------------------------------------------------
49	2620	29	1	19	20	AS
------------------------------------------------------
49	2591	28	1	20	21	AS
------------------------------------------------------
50	2789	35	1	14	15	AS
------------------------------------------------------
50	2790	35	3	12	15	AM
------------------------------------------------------
50	2758	34	1	15	16	AS
------------------------------------------------------
51	2560	27	1	23	24	AS
------------------------------------------------------
51	2854	37	1	13	14	AS
------------------------------------------------------
51	2821	36	0	15	15	AM
------------------------------------------------------
51	2822	36	0	15	15	AM
------------------------------------------------------
52	2890	38	1	13	14	AS
------------------------------------------------------
52	2925	39	2	11	13	AS
------------------------------------------------------
52	2929	39	2	11	13	AS
------------------------------------------------------
53	2893	38	1	14	15	AS
------------------------------------------------------
53	2857	37	1	15	16	AS
------------------------------------------------------
53	2926	39	2	12	14	AS
------------------------------------------------------
53	2820	36	1	16	17	AS
------------------------------------------------------
53	2855	37	1	15	16	AS
------------------------------------------------------
54	2240	14	0	40	40	AD
------------------------------------------------------
54	2825	36	0	18	18	AM
------------------------------------------------------
54	2824	36	1	17	18	AS
------------------------------------------------------
54	2756	34	1	19	20	AS
------------------------------------------------------
54	2924	39	2	13	15	AS
------------------------------------------------------
55	2823	36	1	18	19	AS
------------------------------------------------------
55	2985	41	3	11	14	AM
------------------------------------------------------
56	2793	35	2	19	21	AM
------------------------------------------------------
57	2427	22	3	32	35	AD
------------------------------------------------------
58	400	25	0	33	33	ET
------------------------------------------------------
58	371	24	0	34	34	ET
------------------------------------------------------
58	303	19	0	39	39	ET
------------------------------------------------------
59	2889	38	4	17	21	AM
------------------------------------------------------
60	895	45	1	14	15	ET
------------------------------------------------------
60	2989	41	0	19	19	AM
------------------------------------------------------
60	2759	34	3	23	26	AM
------------------------------------------------------
61	40	4	0	57	57	ES
------------------------------------------------------
61	2826	36	0	25	25	AM
------------------------------------------------------
61	2794	35	5	21	26	AM
------------------------------------------------------
61	2213	13	0	48	48	AD
------------------------------------------------------
62	2986	41	4	17	21	AM
------------------------------------------------------
63	984	49	0	14	14	ET
------------------------------------------------------
63	986	49	0	14	14	ET
------------------------------------------------------
63	2987	41	2	20	22	AM
------------------------------------------------------
63	2312	17	0	46	46	AD
------------------------------------------------------
64	2795	35	0	29	29	AM
------------------------------------------------------
64	4030	13	3	48	51	SU
------------------------------------------------------
65	896	45	1	19	20	ET
------------------------------------------------------
65	2983	41	5	19	24	AM
------------------------------------------------------
65	2984	41	0	24	24	AM
------------------------------------------------------
65	2988	41	0	24	24	AM
------------------------------------------------------
65	2856	37	0	28	28	AM
------------------------------------------------------
66	988	49	0	17	17	ET
------------------------------------------------------
66	2653	30	0	36	36	AD
------------------------------------------------------
67	941	47	1	19	20	ET
------------------------------------------------------
67	2953	40	0	27	27	AM
------------------------------------------------------
67	2262	15	0	52	52	AD
------------------------------------------------------
69	939	47	1	21	22	ET
------------------------------------------------------
69	890	45	11	13	24	ET
------------------------------------------------------
69	893	45	1	23	24	ET
------------------------------------------------------
70	759	40	0	30	30	EG
------------------------------------------------------
70	757	40	0	30	30	ET
------------------------------------------------------
72	841	43	1	28	29	ET
------------------------------------------------------
72	866	44	0	28	28	ET
------------------------------------------------------
72	2957	40	0	32	32	AD
------------------------------------------------------
72	634	35	0	37	37	EG
------------------------------------------------------
73	867	44	0	29	29	ET
------------------------------------------------------
73	983	49	0	24	24	EG
------------------------------------------------------
74	523	31	0	43	43	EG
------------------------------------------------------
75	783	41	0	34	34	ET
------------------------------------------------------
76	838	43	18	15	33	ET
------------------------------------------------------
76	480	29	0	47	47	EG
------------------------------------------------------
77	782	41	0	36	36	ET
------------------------------------------------------
77	811	42	0	35	35	ET
------------------------------------------------------
77	2428	22	0	55	55	AD
------------------------------------------------------
78	522	31	0	47	47	EG
------------------------------------------------------
78	839	43	0	35	35	EG
------------------------------------------------------
79	784	41	0	38	38	ET
------------------------------------------------------
79	399	25	0	54	54	ET
------------------------------------------------------
79	786	41	0	38	38	EG
------------------------------------------------------
79	395	25	0	54	54	EG
------------------------------------------------------
79	372	24	0	55	55	EG
------------------------------------------------------
81	812	42	0	39	39	EG
------------------------------------------------------
81	476	29	0	52	52	EG
------------------------------------------------------
81	865	44	0	37	37	EG
------------------------------------------------------
82	758	40	0	42	42	ET
------------------------------------------------------
82	629	35	0	47	47	ET
------------------------------------------------------
82	2956	40	16	26	42	AD
------------------------------------------------------
82	870	44	0	38	38	EG
------------------------------------------------------
82	396	25	0	57	57	EG
------------------------------------------------------
83	760	40	0	43	43	ET
------------------------------------------------------
83	571	33	0	50	50	EG
------------------------------------------------------
83	785	41	0	42	42	EG
------------------------------------------------------
84	728	39	32	13	45	ET
------------------------------------------------------
84	683	37	0	47	47	EG
------------------------------------------------------
84	942	47	0	37	37	EG
------------------------------------------------------
85	686	37	0	48	48	ET
------------------------------------------------------
85	733	39	31	15	46	ET
------------------------------------------------------
85	337	23	0	62	62	EG
------------------------------------------------------
85	727	39	0	46	46	EG
------------------------------------------------------
85	684	37	0	48	48	EG
------------------------------------------------------
85	341	23	0	62	62	EG
------------------------------------------------------
86	658	36	0	50	50	ET
------------------------------------------------------
86	2264	15	0	71	71	AD
------------------------------------------------------
86	2594	28	0	58	58	AD
------------------------------------------------------
86	660	36	0	50	50	EG
------------------------------------------------------
86	940	47	1	38	39	EG
------------------------------------------------------
86	730	39	1	46	47	EG
------------------------------------------------------
87	7	1	1	85	86	ET
------------------------------------------------------
87	342	23	5	59	64	ET
------------------------------------------------------
87	685	37	0	50	50	EG
------------------------------------------------------
87	654	36	7	44	51	EG
------------------------------------------------------
87	632	35	15	37	52	EG
------------------------------------------------------
87	943	47	0	40	40	EG
------------------------------------------------------
87	600	34	18	35	53	EG
------------------------------------------------------
88	525	31	0	57	57	EG
------------------------------------------------------
88	572	33	0	55	55	EG
------------------------------------------------------
88	842	43	0	45	45	EG
------------------------------------------------------

Earth Army

Total Units: 143
ES	Total: 51 Alive: 48 Destructed: 3 Percentage Destructed: 5.88235%
ET	Total: 40 Alive: 5 Destructed: 35 Percentage Destructed: 87.5%
EG	Total: 38 Alive: 0 Destructed: 38 Percentage Destructed: 100%
HU	Total: 14 Alive: 0 Destructed: 14 Percentage Destructed: 100%

Total Destructed: 90
Percentage Destructed: 62.9371%
Total Infected: 6 Percentage Infected: 11.7647%

Average Df: 1.76667
Average Dd: 30.0667
Average Db: 31.8333
Df/Db Ratio: 5.54974%
Dd/Db Ratio: 94.4503%
------------------------------------------------------

Alien Army

Total Units: 147
AD	Total: 41 Alive: 21 Destructed: 20 Percentage Destructed: 48.7805%
AM	Total: 43 Alive: 0 Destructed: 43 Percentage Destructed: 100%
AS	Total: 63 Alive: 0 Destructed: 63 Percentage Destructed: 100%

Total Destructed: 126
Percentage Destructed: 85.7143%

Average Df: 0.968254
Average Dd: 16.881
Average Db: 17.8492
Df/Db Ratio: 5.42463%
Dd/Db Ratio: 94.5754%
------------------------------------------------------

Battle Results: 
Finish Timestep: 89
Tie
------------------------------------------------------
