Td	ID	Tj	Df	Dd	Db	Unit_Type
------------------------------------------------------
5	7	2	0	3	3	ES
------------------------------------------------------
7	33	4	0	3	3	EG
------------------------------------------------------
9	2008	2	0	7	7	AM
------------------------------------------------------
10	2012	2	0	8	8	AS
------------------------------------------------------
10	2010	2	0	8	8	AS
------------------------------------------------------
11	2014	2	0	9	9	AM
------------------------------------------------------
12	2077	5	1	6	7	AS
------------------------------------------------------
12	2145	8	0	4	4	AM
------------------------------------------------------
12	2011	2	0	10	10	AM
------------------------------------------------------
12	2035	3	0	9	9	AM
------------------------------------------------------
12	222	12	0	0	0	HU
------------------------------------------------------
12	2032	3	0	9	9	AS
------------------------------------------------------
12	2001	1	1	10	11	AS
------------------------------------------------------
13	2009	2	0	11	11	AS
------------------------------------------------------
13	2033	3	0	10	10	AS
------------------------------------------------------
13	2000	1	1	11	12	AS
------------------------------------------------------
14	2006	1	1	12	13	AM
------------------------------------------------------
14	2034	3	0	11	11	AM
------------------------------------------------------
14	2076	5	2	7	9	AM
------------------------------------------------------
14	147	9	0	5	5	EG
------------------------------------------------------
14	37	4	0	10	10	EG
------------------------------------------------------
15	2080	5	0	10	10	AM
------------------------------------------------------
15	2144	8	0	7	7	AM
------------------------------------------------------
15	290	15	0	0	0	HU
------------------------------------------------------
15	2148	8	1	6	7	AS
------------------------------------------------------
16	2146	8	1	7	8	AS
------------------------------------------------------
17	2142	8	0	9	9	AS
------------------------------------------------------
17	352	17	0	0	0	HU
------------------------------------------------------
19	2313	16	0	3	3	AM
------------------------------------------------------
19	2147	8	0	11	11	AD
------------------------------------------------------
19	2315	16	0	3	3	AS
------------------------------------------------------
20	2031	3	0	17	17	AD
------------------------------------------------------
20	2314	16	0	4	4	AS
------------------------------------------------------
21	2316	16	0	5	5	AM
------------------------------------------------------
21	2013	2	0	19	19	AD
------------------------------------------------------
22	2381	20	0	2	2	AM
------------------------------------------------------
22	2030	3	2	17	19	AD
------------------------------------------------------
22	2312	16	0	6	6	AS
------------------------------------------------------
24	2384	20	0	4	4	AM
------------------------------------------------------
24	2002	1	1	22	23	AD
------------------------------------------------------
24	2385	20	0	4	4	AM
------------------------------------------------------
24	2383	20	0	4	4	AS
------------------------------------------------------
25	2379	20	0	5	5	AM
------------------------------------------------------
26	2382	20	0	6	6	AS
------------------------------------------------------
26	2074	5	3	18	21	AD
------------------------------------------------------
26	2036	3	0	23	23	AD
------------------------------------------------------
27	36	4	0	23	23	ES
------------------------------------------------------
27	34	4	0	23	23	ET
------------------------------------------------------
27	3	2	0	25	25	ET
------------------------------------------------------
27	142	9	0	18	18	ET
------------------------------------------------------
27	38	4	0	23	23	ET
------------------------------------------------------
27	585	27	0	0	0	HU
------------------------------------------------------
27	116	8	0	19	19	ES
------------------------------------------------------
28	618	28	0	0	0	HU
------------------------------------------------------
29	2460	25	0	4	4	AM
------------------------------------------------------
29	2079	5	0	24	24	AD
------------------------------------------------------
30	616	28	2	0	2	HU
------------------------------------------------------
31	2484	27	0	4	4	AM
------------------------------------------------------
31	4002	10	0	21	21	SU
------------------------------------------------------
31	586	27	0	4	4	ET
------------------------------------------------------
32	2464	25	0	7	7	AM
------------------------------------------------------
32	2078	5	0	27	27	AD
------------------------------------------------------
33	2487	27	0	6	6	AS
------------------------------------------------------
33	2505	28	0	5	5	AM
------------------------------------------------------
33	2482	27	0	6	6	AS
------------------------------------------------------
33	2488	27	0	6	6	AS
------------------------------------------------------
34	2508	28	0	6	6	AS
------------------------------------------------------
34	2509	28	0	6	6	AS
------------------------------------------------------
35	2004	1	2	32	34	AD
------------------------------------------------------
36	2507	28	0	8	8	AS
------------------------------------------------------
40	381	18	0	22	22	ET
------------------------------------------------------
40	380	18	0	22	22	ET
------------------------------------------------------
40	2625	33	0	7	7	AS
------------------------------------------------------
41	405	19	0	22	22	ET
------------------------------------------------------
41	2626	33	0	8	8	AM
------------------------------------------------------
42	2676	35	0	7	7	AS
------------------------------------------------------
42	2550	30	0	12	12	AM
------------------------------------------------------
43	613	28	0	15	15	ET
------------------------------------------------------
43	717	32	0	11	11	ET
------------------------------------------------------
43	2677	35	0	8	8	AS
------------------------------------------------------
43	2679	35	0	8	8	AS
------------------------------------------------------
43	2674	35	0	8	8	AS
------------------------------------------------------
43	2485	27	0	16	16	AM
------------------------------------------------------
44	113	8	0	36	36	ES
------------------------------------------------------
44	720	32	0	12	12	ET
------------------------------------------------------
44	2554	30	0	14	14	AM
------------------------------------------------------
45	404	19	0	26	26	ET
------------------------------------------------------
45	583	27	0	18	18	ET
------------------------------------------------------
46	2628	33	1	12	13	AM
------------------------------------------------------
47	513	24	0	23	23	ET
------------------------------------------------------
47	768	34	0	13	13	ET
------------------------------------------------------
47	2630	33	0	14	14	AM
------------------------------------------------------
47	2673	35	0	12	12	AM
------------------------------------------------------
48	35	4	0	44	44	ES
------------------------------------------------------
48	6	2	0	46	46	ES
------------------------------------------------------
48	382	18	0	30	30	ET
------------------------------------------------------
48	925	40	0	8	8	ET
------------------------------------------------------
49	810	36	0	13	13	ET
------------------------------------------------------
49	2739	38	1	10	11	AS
------------------------------------------------------
50	518	24	0	26	26	ET
------------------------------------------------------
50	383	18	0	32	32	ET
------------------------------------------------------
50	2631	33	1	16	17	AM
------------------------------------------------------
50	2075	5	3	42	45	AD
------------------------------------------------------
50	516	24	0	26	26	EG
------------------------------------------------------
53	224	12	1	40	41	ES
------------------------------------------------------
53	378	18	0	35	35	EG
------------------------------------------------------
54	955	41	0	13	13	ET
------------------------------------------------------
54	990	42	0	12	12	ET
------------------------------------------------------
54	2003	1	1	52	53	AD
------------------------------------------------------
54	515	24	0	30	30	EG
------------------------------------------------------
55	2829	42	1	12	13	AS
------------------------------------------------------
55	957	41	0	14	14	EG
------------------------------------------------------
56	920	40	0	16	16	ET
------------------------------------------------------
56	2875	44	0	12	12	AS
------------------------------------------------------
56	993	42	0	14	14	EG
------------------------------------------------------
56	408	19	0	37	37	EG
------------------------------------------------------
57	994	42	0	15	15	ET
------------------------------------------------------
57	2877	44	1	12	13	AS
------------------------------------------------------
57	2552	30	0	27	27	AM
------------------------------------------------------
57	2005	1	3	53	56	AD
------------------------------------------------------
57	2768	39	1	17	18	AS
------------------------------------------------------
57	2901	45	1	11	12	AS
------------------------------------------------------
58	992	42	0	16	16	ET
------------------------------------------------------
58	958	41	0	17	17	ET
------------------------------------------------------
58	959	41	0	17	17	EG
------------------------------------------------------
58	723	32	0	26	26	EG
------------------------------------------------------
59	118	8	0	51	51	ES
------------------------------------------------------
59	356	17	23	19	42	ET
------------------------------------------------------
59	2825	42	0	17	17	AS
------------------------------------------------------
59	2995	49	2	8	10	AS
------------------------------------------------------
59	2629	33	0	26	26	AM
------------------------------------------------------
59	2767	39	1	19	20	AM
------------------------------------------------------
59	2878	44	0	15	15	AM
------------------------------------------------------
59	2850	43	1	15	16	AS
------------------------------------------------------
59	2935	46	2	11	13	AS
------------------------------------------------------
59	765	34	0	25	25	EG
------------------------------------------------------
60	354	17	3	40	43	ES
------------------------------------------------------
60	144	9	0	51	51	ES
------------------------------------------------------
60	2929	46	2	12	14	AS
------------------------------------------------------
60	2906	45	1	14	15	AS
------------------------------------------------------
60	811	36	0	24	24	EG
------------------------------------------------------
61	379	18	3	40	43	ES
------------------------------------------------------
61	319	16	0	45	45	ET
------------------------------------------------------
61	322	16	0	45	45	ET
------------------------------------------------------
61	2879	44	1	16	17	AS
------------------------------------------------------
61	2880	44	1	16	17	AS
------------------------------------------------------
61	2902	45	1	15	16	AS
------------------------------------------------------
61	115	8	0	53	53	EG
------------------------------------------------------
61	112	8	0	53	53	EG
------------------------------------------------------
61	762	34	0	27	27	EG
------------------------------------------------------
61	921	40	0	21	21	EG
------------------------------------------------------
61	294	15	0	46	46	EG
------------------------------------------------------
62	350	17	32	13	45	ET
------------------------------------------------------
62	2933	46	2	14	16	AS
------------------------------------------------------
62	922	40	0	22	22	EG
------------------------------------------------------
62	961	41	0	21	21	EG
------------------------------------------------------
62	293	15	0	47	47	EG
------------------------------------------------------
62	141	9	0	53	53	EG
------------------------------------------------------
63	584	27	2	34	36	ES
------------------------------------------------------
63	355	17	31	15	46	ET
------------------------------------------------------
66	325	16	0	50	50	ET
------------------------------------------------------
66	296	15	1	50	51	ET
------------------------------------------------------
67	143	9	0	58	58	ET
------------------------------------------------------
67	292	15	37	15	52	ET
------------------------------------------------------
67	146	9	0	58	58	ET
------------------------------------------------------
68	226	12	0	56	56	ET
------------------------------------------------------
68	291	15	38	15	53	ET
------------------------------------------------------
68	145	9	0	59	59	ET
------------------------------------------------------
71	117	8	0	63	63	ET
------------------------------------------------------
71	114	8	0	63	63	ET
------------------------------------------------------
104	4160	52	0	52	52	SU
------------------------------------------------------
135	956	41	3	91	94	ES
------------------------------------------------------
156	324	16	7	133	140	ES
------------------------------------------------------
159	4177	54	1	104	105	SU
------------------------------------------------------
161	4162	52	0	109	109	SU
------------------------------------------------------
176	4161	52	0	124	124	SU
------------------------------------------------------
176	4220	59	4	113	117	SU
------------------------------------------------------
177	517	24	3	150	153	ES
------------------------------------------------------
178	4187	55	1	122	123	SU
------------------------------------------------------
184	223	12	3	169	172	ES
------------------------------------------------------
184	321	16	2	166	168	ES
------------------------------------------------------
184	764	34	3	147	150	ES
------------------------------------------------------
184	4213	58	3	123	126	SU
------------------------------------------------------
198	406	19	4	175	179	ES
------------------------------------------------------
198	514	24	11	163	174	ES
------------------------------------------------------
203	4196	56	2	145	147	SU
------------------------------------------------------
208	4179	54	1	153	154	SU
------------------------------------------------------
209	612	28	7	174	181	ES
------------------------------------------------------
209	228	12	1	196	197	ES
------------------------------------------------------
210	4214	58	3	149	152	SU
------------------------------------------------------
213	767	34	3	176	179	ES
------------------------------------------------------
214	614	28	3	183	186	ES
------------------------------------------------------
216	4178	54	1	161	162	SU
------------------------------------------------------
218	4212	58	3	157	160	SU
------------------------------------------------------
224	814	36	3	185	188	ES
------------------------------------------------------
224	4205	57	3	164	167	SU
------------------------------------------------------
230	351	17	3	210	213	ES
------------------------------------------------------
231	4229	60	6	165	171	SU
------------------------------------------------------
232	581	27	2	203	205	ES
------------------------------------------------------
232	4188	55	2	175	177	SU
------------------------------------------------------
233	816	36	3	194	197	ES
------------------------------------------------------
234	225	12	1	221	222	ES
------------------------------------------------------
234	763	34	3	197	200	ES
------------------------------------------------------
236	403	19	6	211	217	ES
------------------------------------------------------
237	924	40	3	194	197	ES
------------------------------------------------------
237	960	41	3	193	196	ES
------------------------------------------------------
238	320	16	2	220	222	ES
------------------------------------------------------
238	4230	60	7	171	178	SU
------------------------------------------------------
239	582	27	2	210	212	ES
------------------------------------------------------
239	617	28	3	208	211	ES
------------------------------------------------------
239	996	42	3	194	197	ES
------------------------------------------------------
239	721	32	4	203	207	ES
------------------------------------------------------
245	4204	57	3	185	188	SU
------------------------------------------------------
245	4237	61	8	176	184	SU
------------------------------------------------------
246	4238	61	9	176	185	SU
------------------------------------------------------
247	4246	62	11	174	185	SU
------------------------------------------------------
248	812	36	2	210	212	ES
------------------------------------------------------
248	813	36	6	206	212	ES
------------------------------------------------------
248	923	40	17	191	208	ES
------------------------------------------------------
250	4203	57	2	191	193	SU
------------------------------------------------------
251	991	42	3	206	209	ES
------------------------------------------------------
251	766	34	3	214	217	ES
------------------------------------------------------
251	4239	61	9	181	190	SU
------------------------------------------------------
253	4168	53	0	200	200	SU
------------------------------------------------------
253	4221	59	4	190	194	SU
------------------------------------------------------
253	4222	59	5	189	194	SU
------------------------------------------------------
254	4186	55	1	198	199	SU
------------------------------------------------------
255	719	32	4	219	223	ES
------------------------------------------------------
256	4169	53	0	203	203	SU
------------------------------------------------------
257	4194	56	2	199	201	SU
------------------------------------------------------
259	4170	53	0	206	206	SU
------------------------------------------------------
259	4228	60	6	193	199	SU
------------------------------------------------------
261	4195	56	2	203	205	SU
------------------------------------------------------
264	722	32	4	228	232	ES
------------------------------------------------------

Earth Army

Total Units: 114
ES	Total: 45 Alive: 0 Destructed: 45 Percentage Destructed: 100%
ET	Total: 41 Alive: 0 Destructed: 41 Percentage Destructed: 100%
EG	Total: 22 Alive: 0 Destructed: 22 Percentage Destructed: 100%
HU	Total: 6 Alive: 0 Destructed: 6 Percentage Destructed: 100%

Total Destructed: 114
Percentage Destructed: 100%
Total Infected: 13 Percentage Infected: 28.8889%

Average Df: 2.65789
Average Dd: 73.4649
Average Db: 76.1228
Df/Db Ratio: 3.49159%
Dd/Db Ratio: 96.5084%
------------------------------------------------------

Alien Army

Total Units: 147
AD	Total: 56 Alive: 43 Destructed: 13 Percentage Destructed: 23.2143%
AM	Total: 48 Alive: 16 Destructed: 32 Percentage Destructed: 66.6667%
AS	Total: 43 Alive: 0 Destructed: 43 Percentage Destructed: 100%

Total Destructed: 88
Percentage Destructed: 59.8639%

Average Df: 0.5
Average Dd: 12.3068
Average Db: 12.8068
Df/Db Ratio: 3.90417%
Dd/Db Ratio: 96.0958%
------------------------------------------------------

Battle Results: 
Finish Timestep: 264
Aliens Won
------------------------------------------------------
