Td	ID	Tj	Df	Dd	Db	Unit_Type
------------------------------------------------------
5	2001	1	0	4	4	AM
------------------------------------------------------
6	5	1	5	0	5	HU
------------------------------------------------------
8	2005	1	0	7	7	AS
------------------------------------------------------
9	23	9	0	0	0	HU
------------------------------------------------------
10	2000	1	0	9	9	AS
------------------------------------------------------
11	2003	1	0	10	10	AS
------------------------------------------------------
12	2004	1	0	11	11	AD
------------------------------------------------------
13	2006	1	0	12	12	AM
------------------------------------------------------
13	2009	3	0	10	10	AM
------------------------------------------------------
14	2008	3	0	11	11	AM
------------------------------------------------------
15	2007	3	0	12	12	AS
------------------------------------------------------
15	2014	4	0	11	11	AS
------------------------------------------------------
16	2019	4	1	11	12	AS
------------------------------------------------------
17	2039	9	0	8	8	AM
------------------------------------------------------
17	2002	1	0	16	16	AD
------------------------------------------------------
18	2026	7	0	11	11	AM
------------------------------------------------------
19	14	3	0	16	16	ET
------------------------------------------------------
19	2032	8	1	10	11	AS
------------------------------------------------------
20	13	3	0	17	17	ES
------------------------------------------------------
20	4	1	0	19	19	ES
------------------------------------------------------
20	2011	3	0	17	17	AM
------------------------------------------------------
21	18	7	0	14	14	ES
------------------------------------------------------
21	16	7	0	14	14	ES
------------------------------------------------------
21	2020	4	3	14	17	AM
------------------------------------------------------
21	2040	9	0	12	12	AM
------------------------------------------------------
21	2025	7	0	14	14	AM
------------------------------------------------------
21	2027	7	0	14	14	AD
------------------------------------------------------
22	2010	3	0	19	19	AM
------------------------------------------------------
22	2037	9	1	12	13	AM
------------------------------------------------------
23	2013	3	0	20	20	AD
------------------------------------------------------
23	57	20	0	3	3	ET
------------------------------------------------------
24	25	9	0	15	15	ET
------------------------------------------------------
24	2034	8	1	15	16	AM
------------------------------------------------------
25	24	9	0	16	16	ES
------------------------------------------------------
25	29	12	0	13	13	ET
------------------------------------------------------
25	2017	4	0	21	21	AS
------------------------------------------------------
25	2018	4	0	21	21	AS
------------------------------------------------------
25	2041	9	1	15	16	AS
------------------------------------------------------
25	2015	4	0	21	21	AS
------------------------------------------------------
25	2033	8	0	17	17	AM
------------------------------------------------------
25	74	25	0	0	0	HU
------------------------------------------------------
26	2030	8	1	17	18	AS
------------------------------------------------------
26	2048	16	0	10	10	AM
------------------------------------------------------
26	2012	3	1	22	23	AD
------------------------------------------------------
26	84	26	0	0	0	HU
------------------------------------------------------
27	2045	16	0	11	11	AM
------------------------------------------------------
27	2016	4	0	23	23	AD
------------------------------------------------------
28	2021	7	1	20	21	AS
------------------------------------------------------
28	2023	7	3	18	21	AM
------------------------------------------------------
29	2051	18	2	9	11	AM
------------------------------------------------------
29	2047	16	0	13	13	AM
------------------------------------------------------
29	2059	19	0	10	10	AD
------------------------------------------------------
29	2054	18	0	11	11	AD
------------------------------------------------------
29	85	29	0	0	0	HU
------------------------------------------------------
31	2053	18	0	13	13	AM
------------------------------------------------------
32	2024	7	1	24	25	AS
------------------------------------------------------
32	2064	23	1	8	9	AM
------------------------------------------------------
32	2062	19	0	13	13	AM
------------------------------------------------------
32	2065	23	0	9	9	AM
------------------------------------------------------
32	51	17	0	15	15	ES
------------------------------------------------------
35	55	17	0	18	18	ET
------------------------------------------------------
36	10	3	1	32	33	ET
------------------------------------------------------
36	17	7	0	29	29	ET
------------------------------------------------------
36	2029	8	1	27	28	AS
------------------------------------------------------
37	66	21	0	16	16	ET
------------------------------------------------------
37	2022	7	1	29	30	AS
------------------------------------------------------
37	2046	16	0	21	21	AD
------------------------------------------------------
38	68	21	0	17	17	ET
------------------------------------------------------
38	34	12	0	26	26	ET
------------------------------------------------------
39	30	12	0	27	27	ET
------------------------------------------------------
40	27	9	0	31	31	ET
------------------------------------------------------
40	26	9	0	31	31	ET
------------------------------------------------------
40	77	25	0	15	15	ET
------------------------------------------------------
40	2085	31	0	9	9	AM
------------------------------------------------------
40	2100	33	0	7	7	AM
------------------------------------------------------
41	45	15	0	26	26	ES
------------------------------------------------------
41	2063	23	2	16	18	AM
------------------------------------------------------
42	36	14	0	28	28	ES
------------------------------------------------------
42	33	12	0	30	30	ET
------------------------------------------------------
42	2083	28	0	14	14	AM
------------------------------------------------------
42	2072	27	0	15	15	AM
------------------------------------------------------
43	37	14	0	29	29	ES
------------------------------------------------------
43	31	12	0	31	31	ES
------------------------------------------------------
43	64	21	1	21	22	ES
------------------------------------------------------
43	60	20	0	23	23	ET
------------------------------------------------------
43	67	21	0	22	22	ET
------------------------------------------------------
43	78	26	1	16	17	ET
------------------------------------------------------
43	2090	31	0	12	12	AM
------------------------------------------------------
43	116	43	0	0	0	HU
------------------------------------------------------
44	90	29	1	14	15	ET
------------------------------------------------------
44	20	7	0	37	37	ET
------------------------------------------------------
44	2105	35	0	9	9	AM
------------------------------------------------------
44	4002	35	0	9	9	SU
------------------------------------------------------
45	11	3	0	42	42	ET
------------------------------------------------------
45	22	9	1	35	36	ET
------------------------------------------------------
45	63	20	0	25	25	ET
------------------------------------------------------
45	2052	18	2	25	27	AS
------------------------------------------------------
45	4006	35	1	9	10	SU
------------------------------------------------------
