Td	ID	Tj	Df	Dd	Db	Unit_Type
------------------------------------------------------
4	2002	2	0	2	2	AS
------------------------------------------------------
7	2024	5	2	0	2	AS
------------------------------------------------------
7	2000	2	0	5	5	AD
------------------------------------------------------
7	53	7	0	0	0	HU
------------------------------------------------------
8	39	6	2	0	2	ES
------------------------------------------------------
13	3	1	1	11	12	ES
------------------------------------------------------
14	2107	14	0	0	0	AM
------------------------------------------------------
14	2103	14	0	0	0	AD
------------------------------------------------------
15	110	15	0	0	0	HU
------------------------------------------------------
19	54	7	0	12	12	ET
------------------------------------------------------
20	2131	18	2	0	2	AM
------------------------------------------------------
21	44	6	0	15	15	EG
------------------------------------------------------
22	90	13	0	9	9	EG
------------------------------------------------------
23	2069	9	1	13	14	AM
------------------------------------------------------
26	52	7	17	2	19	EG
------------------------------------------------------
27	24	4	0	23	23	EG
------------------------------------------------------
28	194	28	0	0	0	EG
------------------------------------------------------
29	195	28	1	0	1	HU
------------------------------------------------------
31	6	1	1	29	30	EG
------------------------------------------------------
35	2049	7	8	20	28	AS
------------------------------------------------------
37	200	28	0	9	9	EG
------------------------------------------------------
38	38	6	0	32	32	ET
------------------------------------------------------
44	22	4	0	40	40	ET
------------------------------------------------------
48	2070	9	0	39	39	AM
------------------------------------------------------
51	2156	20	3	28	31	AM
------------------------------------------------------
53	2174	22	0	31	31	AM
------------------------------------------------------
58	2027	5	1	52	53	AM
------------------------------------------------------
58	2173	22	3	33	36	AM
------------------------------------------------------
60	2401	48	12	0	12	AM
------------------------------------------------------
62	2142	19	43	0	43	AM
------------------------------------------------------
63	2372	44	16	3	19	AM
------------------------------------------------------
63	1	1	3	59	62	ES
------------------------------------------------------
71	2203	25	5	41	46	AM
------------------------------------------------------
73	2250	31	42	0	42	AS
------------------------------------------------------
76	641	74	2	0	2	HU
------------------------------------------------------
76	642	74	0	2	2	ET
------------------------------------------------------
77	632	73	4	0	4	HU
------------------------------------------------------
78	2358	43	33	2	35	AD
------------------------------------------------------
78	429	54	24	0	24	HU
------------------------------------------------------
79	633	73	0	6	6	ET
------------------------------------------------------
80	2276	34	46	0	46	AS
------------------------------------------------------
82	710	82	0	0	0	ET
------------------------------------------------------
86	2045	7	0	79	79	AM
------------------------------------------------------
88	2387	46	1	41	42	AM
------------------------------------------------------
91	2056	8	9	74	83	AS
------------------------------------------------------
93	816	92	1	0	1	HU
------------------------------------------------------
94	806	91	0	3	3	ET
------------------------------------------------------
101	853	96	5	0	5	HU
------------------------------------------------------
102	708	82	20	0	20	HU
------------------------------------------------------
106	2146	19	6	81	87	AM
------------------------------------------------------
107	406	52	55	0	55	HU
------------------------------------------------------
107	927	103	0	4	4	ET
------------------------------------------------------
109	408	52	2	55	57	EG
------------------------------------------------------
116	430	54	22	40	62	ES
------------------------------------------------------
117	991	110	7	0	7	HU
------------------------------------------------------
120	362	48	72	0	72	HU
------------------------------------------------------
121	328	44	77	0	77	HU
------------------------------------------------------
127	327	44	83	0	83	HU
------------------------------------------------------
130	923	103	5	22	27	ET
------------------------------------------------------
131	871	97	0	34	34	ET
------------------------------------------------------
135	709	82	0	53	53	EG
------------------------------------------------------
138	979	109	0	29	29	ET
------------------------------------------------------
138	2136	18	1	119	120	AM
------------------------------------------------------
139	480	58	71	10	81	ES
------------------------------------------------------
143	2187	23	32	88	120	AS
------------------------------------------------------
144	910	102	30	12	42	ET
------------------------------------------------------
149	2494	62	3	84	87	AM
------------------------------------------------------
149	358	48	17	84	101	ES
------------------------------------------------------
150	2669	88	62	0	62	AD
------------------------------------------------------
152	854	96	0	56	56	ET
------------------------------------------------------
157	257	36	13	108	121	ES
------------------------------------------------------
160	2688	90	70	0	70	AD
------------------------------------------------------
161	568	66	33	62	95	ES
------------------------------------------------------
161	113	15	10	136	146	ES
------------------------------------------------------
164	908	102	52	10	62	ES
------------------------------------------------------
164	2449	54	42	68	110	AD
------------------------------------------------------
164	395	51	54	59	113	ES
------------------------------------------------------
170	803	91	1	78	79	ET
------------------------------------------------------
176	706	82	0	94	94	ET
------------------------------------------------------
176	2109	14	18	144	162	AS
------------------------------------------------------
179	2796	103	76	0	76	AD
------------------------------------------------------
181	2633	82	99	0	99	AS
------------------------------------------------------
181	2247	31	1	149	150	AM
------------------------------------------------------
186	394	51	0	135	135	EG
------------------------------------------------------
187	630	73	4	110	114	ET
------------------------------------------------------
190	2668	88	102	0	102	AS
------------------------------------------------------
191	478	58	26	107	133	ES
------------------------------------------------------
192	745	85	42	65	107	ES
------------------------------------------------------
200	570	66	0	134	134	ET
------------------------------------------------------
201	805	91	110	0	110	ES
------------------------------------------------------
205	922	103	84	18	102	EG
------------------------------------------------------
208	2728	95	113	0	113	AS
------------------------------------------------------
209	2702	91	62	56	118	AM
------------------------------------------------------
220	552	65	145	10	155	ES
------------------------------------------------------
224	569	66	125	33	158	ET
------------------------------------------------------
228	550	65	9	154	163	EG
------------------------------------------------------
229	986	110	0	119	119	EG
------------------------------------------------------
231	926	103	56	72	128	ES
------------------------------------------------------
232	987	110	122	0	122	ES
------------------------------------------------------
234	566	66	148	20	168	ET
------------------------------------------------------
234	947	105	109	20	129	EG
------------------------------------------------------
235	867	97	98	40	138	EG
------------------------------------------------------
238	2820	105	133	0	133	AS
------------------------------------------------------
240	528	63	0	177	177	EG
------------------------------------------------------
241	532	63	0	178	178	ET
------------------------------------------------------
242	858	96	0	146	146	EG
------------------------------------------------------
245	2001	2	2	241	243	AM
------------------------------------------------------
247	273	38	14	195	209	ES
------------------------------------------------------
247	2249	31	3	213	216	AM
------------------------------------------------------
248	531	63	169	16	185	ET
------------------------------------------------------
248	722	83	40	125	165	ES
------------------------------------------------------
251	2337	41	8	202	210	AM
------------------------------------------------------
253	93	13	28	212	240	ES
------------------------------------------------------
258	2274	34	9	215	224	AM
------------------------------------------------------
268	2914	119	8	141	149	AM
------------------------------------------------------
270	2388	46	74	150	224	AS
------------------------------------------------------
271	2673	88	11	172	183	AM
------------------------------------------------------
275	907	102	52	121	173	ES
------------------------------------------------------
275	640	74	59	142	201	EG
------------------------------------------------------
275	297	41	0	234	234	EG
------------------------------------------------------
278	460	56	77	145	222	EG
------------------------------------------------------
280	2403	48	77	155	232	AS
------------------------------------------------------
283	278	38	240	5	245	EG
------------------------------------------------------
284	2983	127	157	0	157	AS
------------------------------------------------------
284	921	103	3	178	181	EG
------------------------------------------------------
285	619	72	96	117	213	ES
------------------------------------------------------
286	527	63	176	47	223	ET
------------------------------------------------------
289	277	38	0	251	251	EG
------------------------------------------------------
289	443	55	6	228	234	EG
------------------------------------------------------
290	807	91	183	16	199	EG
------------------------------------------------------
291	517	62	0	229	229	ET
------------------------------------------------------
292	2415	50	78	164	242	AS
------------------------------------------------------
296	381	50	0	246	246	EG
------------------------------------------------------
297	41	6	20	271	291	EG
------------------------------------------------------
300	197	28	2	270	272	EG
------------------------------------------------------
302	2446	54	85	163	248	AS
------------------------------------------------------
302	255	36	0	266	266	EG
------------------------------------------------------
303	479	58	50	195	245	EG
------------------------------------------------------
303	941	105	129	69	198	EG
------------------------------------------------------
304	646	74	227	3	230	EG
------------------------------------------------------
305	475	58	0	247	247	ET
------------------------------------------------------
306	481	58	27	221	248	ES
------------------------------------------------------
309	459	56	25	228	253	ES
------------------------------------------------------
311	2188	23	34	254	288	AS
------------------------------------------------------
311	2189	23	34	254	288	AS
------------------------------------------------------
315	447	55	0	260	260	ET
------------------------------------------------------
319	2207	25	40	254	294	AS
------------------------------------------------------
323	870	97	226	0	226	ES
------------------------------------------------------
325	819	92	47	186	233	ES
------------------------------------------------------
325	2004	2	0	323	323	AS
------------------------------------------------------
345	2047	7	7	331	338	AS
------------------------------------------------------
347	2271	34	44	269	313	AS
------------------------------------------------------
355	457	56	25	274	299	ES
------------------------------------------------------
357	298	41	41	275	316	ES
------------------------------------------------------
358	723	83	219	56	275	ES
------------------------------------------------------
365	56	7	5	353	358	ES
------------------------------------------------------
378	2730	95	115	168	283	AS
------------------------------------------------------
381	2057	8	10	363	373	AS
------------------------------------------------------
383	2751	98	117	168	285	AS
------------------------------------------------------
385	912	102	174	109	283	ES
------------------------------------------------------
398	2797	103	128	167	295	AS
------------------------------------------------------
414	276	38	14	362	376	ES
------------------------------------------------------
441	2946	122	151	168	319	AS
------------------------------------------------------
450	2402	48	76	326	402	AS
------------------------------------------------------
456	2991	128	159	169	328	AS
------------------------------------------------------
460	2419	50	81	329	410	AS
------------------------------------------------------
466	2183	23	30	413	443	AS
------------------------------------------------------
468	57	7	5	456	461	ES
------------------------------------------------------
475	2030	5	4	466	470	AS
------------------------------------------------------
485	108	15	8	462	470	ES
------------------------------------------------------
504	2272	34	45	425	470	AS
------------------------------------------------------
506	2631	82	98	326	424	AS
------------------------------------------------------
509	2287	35	48	426	474	AS
------------------------------------------------------
515	725	83	41	391	432	ES
------------------------------------------------------
523	2698	91	109	323	432	AS
------------------------------------------------------
531	549	65	143	323	466	ES
------------------------------------------------------
537	909	102	116	319	435	ES
------------------------------------------------------
540	2334	41	58	441	499	AS
------------------------------------------------------
541	852	96	113	332	445	ES
------------------------------------------------------
545	617	72	212	261	473	ES
------------------------------------------------------
554	410	52	21	481	502	ES
------------------------------------------------------
555	40	6	19	530	549	ES
------------------------------------------------------
555	2805	104	129	322	451	AS
------------------------------------------------------
560	2817	105	131	324	455	AS
------------------------------------------------------
566	2356	43	66	457	523	AS
------------------------------------------------------
569	2361	43	69	457	526	AS
------------------------------------------------------
580	855	96	49	435	484	ES
------------------------------------------------------
585	519	62	28	495	523	ES
------------------------------------------------------
586	818	92	47	447	494	ES
------------------------------------------------------
590	866	97	225	268	493	ES
------------------------------------------------------
591	868	97	50	444	494	ES
------------------------------------------------------
592	564	66	32	494	526	ES
------------------------------------------------------
592	615	72	34	486	520	ES
------------------------------------------------------
600	2945	122	150	328	478	AS
------------------------------------------------------
617	2418	50	80	487	567	AS
------------------------------------------------------
620	303	41	42	537	579	ES
------------------------------------------------------
620	529	63	142	415	557	ES
------------------------------------------------------
629	2073	9	14	606	620	AS
------------------------------------------------------
653	2578	73	98	482	580	AS
------------------------------------------------------
655	2579	73	99	483	582	AS
------------------------------------------------------
692	989	110	62	520	582	ES
------------------------------------------------------
693	2731	95	116	482	598	AS
------------------------------------------------------
700	2143	19	21	660	681	AS
------------------------------------------------------
704	2336	41	59	604	663	AS
------------------------------------------------------
704	154	22	9	673	682	ES
------------------------------------------------------
705	2144	19	22	664	686	AS
------------------------------------------------------
731	272	38	36	657	693	ES
------------------------------------------------------
734	42	6	3	725	728	ES
------------------------------------------------------
751	749	85	44	622	666	ES
------------------------------------------------------
754	329	44	17	693	710	ES
------------------------------------------------------
758	159	22	10	726	736	ES
------------------------------------------------------
786	431	54	22	710	732	ES
------------------------------------------------------
790	712	82	104	604	708	ES
------------------------------------------------------
804	2543	68	93	643	736	AS
------------------------------------------------------
806	946	105	58	643	701	ES
------------------------------------------------------
809	363	48	18	743	761	ES
------------------------------------------------------
815	2576	73	97	645	742	AS
------------------------------------------------------
822	2630	82	97	643	740	AS
------------------------------------------------------
824	645	74	38	712	750	ES
------------------------------------------------------
834	477	58	26	750	776	ES
------------------------------------------------------
838	361	48	18	772	790	ES
------------------------------------------------------
845	2699	91	110	644	754	AS
------------------------------------------------------
848	567	66	85	697	782	ES
------------------------------------------------------
851	924	103	55	693	748	ES
------------------------------------------------------
857	618	72	35	750	785	ES
------------------------------------------------------
873	2346	42	60	771	831	AS
------------------------------------------------------
886	359	48	17	821	838	ES
------------------------------------------------------
888	2355	43	64	781	845	AS
------------------------------------------------------
895	975	109	60	726	786	ES
------------------------------------------------------
924	2978	127	155	642	797	AS
------------------------------------------------------
928	945	105	175	648	823	ES
------------------------------------------------------
935	992	110	63	762	825	ES
------------------------------------------------------
939	2445	54	84	801	885	AS
------------------------------------------------------
943	2186	23	32	888	920	AS
------------------------------------------------------
950	324	44	16	890	906	ES
------------------------------------------------------
951	2005	2	1	948	949	AS
------------------------------------------------------
969	614	72	154	743	897	ES
------------------------------------------------------
971	977	109	60	802	862	ES
------------------------------------------------------
974	628	73	36	865	901	ES
------------------------------------------------------
987	2667	88	101	798	899	AS
------------------------------------------------------
988	323	44	16	928	944	ES
------------------------------------------------------
994	821	92	48	854	902	ES
------------------------------------------------------
995	530	63	29	903	932	ES
------------------------------------------------------
997	548	65	29	903	932	ES
------------------------------------------------------
1008	976	109	60	839	899	ES
------------------------------------------------------
1013	432	54	62	897	959	ES
------------------------------------------------------
1023	155	22	9	992	1001	ES
------------------------------------------------------
1030	857	96	49	885	934	ES
------------------------------------------------------
1040	2357	43	67	930	997	AS
------------------------------------------------------
1042	2360	43	68	931	999	AS
------------------------------------------------------
1044	2865	113	134	797	931	AS
------------------------------------------------------
1051	300	41	15	995	1010	ES
------------------------------------------------------
1054	748	85	108	861	969	ES
------------------------------------------------------
1066	2924	120	145	801	946	AS
------------------------------------------------------
1074	980	109	61	904	965	ES
------------------------------------------------------
1083	2399	48	75	960	1035	AS
------------------------------------------------------
1087	746	85	166	836	1002	ES
------------------------------------------------------
1091	2990	128	159	804	963	AS
------------------------------------------------------
1100	254	36	12	1052	1064	ES
------------------------------------------------------
1101	2176	22	30	1049	1079	AS
------------------------------------------------------
1107	2029	5	4	1098	1102	AS
------------------------------------------------------
1116	711	82	39	995	1034	ES
------------------------------------------------------
1116	2495	62	87	967	1054	AS
------------------------------------------------------
1123	822	92	48	983	1031	ES
------------------------------------------------------
1129	911	102	53	974	1027	ES
------------------------------------------------------
1130	111	15	9	1106	1115	ES
------------------------------------------------------
1130	252	36	12	1082	1094	ES
------------------------------------------------------
1133	393	51	19	1063	1082	ES
------------------------------------------------------
1134	613	72	33	1029	1062	ES
------------------------------------------------------
1138	2245	31	41	1066	1107	AS
------------------------------------------------------
1140	51	7	4	1129	1133	ES
------------------------------------------------------
1161	2670	88	102	971	1073	AS
------------------------------------------------------
1176	91	13	16	1147	1163	ES
------------------------------------------------------
1179	726	83	106	990	1096	ES
------------------------------------------------------
1184	551	65	30	1089	1119	ES
------------------------------------------------------
1190	299	41	15	1134	1149	ES
------------------------------------------------------
1192	43	6	9	1177	1186	ES
------------------------------------------------------
1197	55	7	10	1180	1190	ES
------------------------------------------------------
1208	554	65	83	1060	1143	ES
------------------------------------------------------
1218	2145	19	23	1176	1199	AS
------------------------------------------------------
1229	820	92	169	968	1137	ES
------------------------------------------------------
1232	856	96	49	1087	1136	ES
------------------------------------------------------
1241	643	74	37	1130	1167	ES
------------------------------------------------------
1245	707	82	103	1060	1163	ES
------------------------------------------------------
1245	2891	116	143	986	1129	AS
------------------------------------------------------
1250	325	44	89	1117	1206	ES
------------------------------------------------------
1252	2	1	2	1249	1251	ES
------------------------------------------------------
1253	2154	20	25	1208	1233	AS
------------------------------------------------------
1267	744	85	42	1140	1182	ES
------------------------------------------------------
1275	109	15	20	1240	1260	ES
------------------------------------------------------
1280	256	36	32	1212	1244	ES
------------------------------------------------------
1287	428	54	125	1108	1233	ES
------------------------------------------------------
1290	302	41	16	1233	1249	ES
------------------------------------------------------
1291	95	13	17	1261	1278	ES
------------------------------------------------------
1298	384	50	19	1229	1248	ES
------------------------------------------------------
1312	326	44	17	1251	1268	ES
------------------------------------------------------
1316	253	36	12	1268	1280	ES
------------------------------------------------------
1324	198	28	11	1285	1296	ES
------------------------------------------------------
1325	89	13	5	1307	1312	ES
------------------------------------------------------
1337	944	105	57	1175	1232	ES
------------------------------------------------------
1343	199	28	11	1304	1315	ES
------------------------------------------------------
1349	801	91	45	1213	1258	ES
------------------------------------------------------
1358	627	73	36	1249	1285	ES
------------------------------------------------------
1363	456	56	64	1243	1307	ES
------------------------------------------------------
1366	156	22	21	1323	1344	ES
------------------------------------------------------
1367	515	62	27	1278	1305	ES
------------------------------------------------------
1367	2577	73	98	1196	1294	AS
------------------------------------------------------
1373	398	51	20	1302	1322	ES
------------------------------------------------------
1387	383	50	19	1318	1337	ES
------------------------------------------------------
1396	743	85	106	1205	1311	ES
------------------------------------------------------
1406	25	4	2	1400	1402	ES
------------------------------------------------------
1407	23	4	6	1397	1403	ES
------------------------------------------------------
1412	426	54	21	1337	1358	ES
------------------------------------------------------
1422	988	110	62	1250	1312	ES
------------------------------------------------------
1425	442	55	23	1347	1370	ES
------------------------------------------------------
1443	7	1	1	1441	1442	ES
------------------------------------------------------
1445	518	62	28	1355	1383	ES
------------------------------------------------------
1447	906	102	52	1293	1345	ES
------------------------------------------------------
1451	385	50	19	1382	1401	ES
------------------------------------------------------
1453	196	28	25	1400	1425	ES
------------------------------------------------------
1465	454	56	24	1385	1409	ES
------------------------------------------------------
1474	644	74	101	1299	1400	ES
------------------------------------------------------
1489	724	83	41	1365	1406	ES
------------------------------------------------------
1494	616	72	34	1388	1422	ES
------------------------------------------------------
1504	301	41	209	1254	1463	ES
------------------------------------------------------
1507	107	15	8	1484	1492	ES
------------------------------------------------------
1517	158	22	10	1485	1495	ES
------------------------------------------------------
1517	21	4	1	1512	1513	ES
------------------------------------------------------
1526	817	92	47	1387	1434	ES
------------------------------------------------------
1530	274	38	14	1478	1492	ES
------------------------------------------------------
1530	2373	44	73	1413	1486	AS
------------------------------------------------------
1533	747	85	43	1405	1448	ES
------------------------------------------------------
1533	94	13	7	1513	1520	ES
------------------------------------------------------
1535	445	55	24	1456	1480	ES
------------------------------------------------------
1536	20	4	1	1531	1532	ES
------------------------------------------------------
1541	441	55	23	1463	1486	ES
------------------------------------------------------
1553	865	97	49	1407	1456	ES
------------------------------------------------------
1554	942	105	174	1275	1449	ES
------------------------------------------------------
1557	2929	120	148	1289	1437	AS
------------------------------------------------------
1571	513	62	27	1482	1509	ES
------------------------------------------------------
1572	476	58	68	1446	1514	ES
------------------------------------------------------
1572	160	22	70	1480	1550	ES
------------------------------------------------------
1574	925	103	229	1242	1471	ES
------------------------------------------------------
1581	990	110	179	1292	1471	ES
------------------------------------------------------
1584	157	22	10	1552	1562	ES
------------------------------------------------------
1584	553	65	31	1488	1519	ES
------------------------------------------------------
1584	526	63	28	1493	1521	ES
------------------------------------------------------
1587	978	109	121	1357	1478	ES
------------------------------------------------------
1589	720	83	164	1342	1506	ES
------------------------------------------------------
1590	92	13	6	1571	1577	ES
------------------------------------------------------
1592	974	109	231	1252	1483	ES
------------------------------------------------------
1593	2979	127	156	1310	1466	AS
------------------------------------------------------
1595	251	36	64	1495	1559	ES
------------------------------------------------------
1597	397	51	20	1526	1546	ES
------------------------------------------------------
1597	112	15	21	1561	1582	ES
------------------------------------------------------
1598	444	55	63	1480	1543	ES
------------------------------------------------------
1601	360	48	51	1502	1553	ES
------------------------------------------------------
1603	629	73	100	1430	1530	ES
------------------------------------------------------
1604	943	105	57	1442	1499	ES
------------------------------------------------------
1604	386	50	19	1535	1554	ES
------------------------------------------------------
1608	514	62	27	1519	1546	ES
------------------------------------------------------
1611	804	91	46	1474	1520	ES
------------------------------------------------------
1611	411	52	21	1538	1559	ES
------------------------------------------------------
1611	2068	9	13	1589	1602	AS
------------------------------------------------------
1612	412	52	184	1376	1560	ES
------------------------------------------------------
1613	407	52	58	1503	1561	ES
------------------------------------------------------
1614	26	4	2	1608	1610	ES
------------------------------------------------------
1615	516	62	73	1480	1553	ES
------------------------------------------------------
1617	565	66	32	1519	1551	ES
------------------------------------------------------
1618	721	83	40	1495	1535	ES
------------------------------------------------------
1618	631	73	37	1508	1545	ES
------------------------------------------------------
1618	802	91	167	1360	1527	ES
------------------------------------------------------
1618	869	97	50	1471	1521	ES
------------------------------------------------------

Earth Army

Total Units: 260
ES	Total: 189 Alive: 0 Destructed: 189 Percentage Destructed: 100%
ET	Total: 25 Alive: 0 Destructed: 25 Percentage Destructed: 100%
EG	Total: 32 Alive: 0 Destructed: 32 Percentage Destructed: 100%
HU	Total: 14 Alive: 0 Destructed: 14 Percentage Destructed: 100%

Total Destructed: 260
Percentage Destructed: 100%
Total Infected: 142 Percentage Infected: 75.1323%

Average Df: 47.5038
Average Dd: 691.004
Average Db: 738.508
Df/Db Ratio: 6.43241%
Dd/Db Ratio: 93.5676%
------------------------------------------------------

Alien Army

Total Units: 329
AD	Total: 36 Alive: 29 Destructed: 7 Percentage Destructed: 19.4444%
AM	Total: 57 Alive: 32 Destructed: 25 Percentage Destructed: 43.8596%
AS	Total: 236 Alive: 155 Destructed: 81 Percentage Destructed: 34.322%

Total Destructed: 113
Percentage Destructed: 34.3465%

Average Df: 57.3982
Average Dd: 394.089
Average Db: 451.487
Df/Db Ratio: 12.7132%
Dd/Db Ratio: 87.2868%
------------------------------------------------------

Battle Results: 
Finish Timestep: 1618
Aliens Won
------------------------------------------------------
