Td	ID	Tj	Df	Dd	Db	Unit_Type
------------------------------------------------------
7	2038	6	0	1	1	AM
------------------------------------------------------
8	2057	8	0	0	0	AM
------------------------------------------------------
12	2006	1	0	11	11	AM
------------------------------------------------------
19	2004	1	0	18	18	AM
------------------------------------------------------
21	137	13	8	0	8	ES
------------------------------------------------------
22	235	22	0	0	0	ET
------------------------------------------------------
25	2055	8	0	17	17	AM
------------------------------------------------------
27	2044	6	9	12	21	AS
------------------------------------------------------
27	87	8	19	0	19	ES
------------------------------------------------------
29	249	23	6	0	6	HU
------------------------------------------------------
30	136	13	17	0	17	HU
------------------------------------------------------
36	2020	3	0	33	33	AM
------------------------------------------------------
37	128	12	25	0	25	HU
------------------------------------------------------
38	1	1	37	0	37	HU
------------------------------------------------------
39	247	23	16	0	16	ES
------------------------------------------------------
40	390	38	0	2	2	ET
------------------------------------------------------
41	427	41	0	0	0	HU
------------------------------------------------------
45	462	45	0	0	0	HU
------------------------------------------------------
50	51	5	12	33	45	ES
------------------------------------------------------
56	2256	41	9	6	15	AM
------------------------------------------------------
57	285	27	0	30	30	ET
------------------------------------------------------
60	460	45	2	13	15	ET
------------------------------------------------------
70	2244	40	1	29	30	AM
------------------------------------------------------
72	2172	31	0	41	41	AM
------------------------------------------------------
83	765	80	0	3	3	ET
------------------------------------------------------
87	537	53	34	0	34	ES
------------------------------------------------------
89	2280	45	44	0	44	AS
------------------------------------------------------
92	2289	46	46	0	46	AS
------------------------------------------------------
92	2291	46	46	0	46	AS
------------------------------------------------------
92	351	34	26	32	58	EG
------------------------------------------------------
93	2292	46	47	0	47	AS
------------------------------------------------------
94	2042	6	88	0	88	AD
------------------------------------------------------
94	68	6	53	35	88	ES
------------------------------------------------------
95	2453	67	14	14	28	AM
------------------------------------------------------
95	880	94	1	0	1	HU
------------------------------------------------------
96	2053	8	88	0	88	AD
------------------------------------------------------
96	643	65	31	0	31	HU
------------------------------------------------------
97	628	64	33	0	33	HU
------------------------------------------------------
100	921	98	2	0	2	HU
------------------------------------------------------
100	934	99	0	1	1	ET
------------------------------------------------------
101	232	22	0	79	79	EG
------------------------------------------------------
106	2541	81	5	20	25	AM
------------------------------------------------------
109	630	64	35	10	45	ES
------------------------------------------------------
111	430	41	70	0	70	ES
------------------------------------------------------
113	2350	54	59	0	59	AS
------------------------------------------------------
114	2314	49	0	65	65	AM
------------------------------------------------------
119	2363	55	64	0	64	AS
------------------------------------------------------
120	50	5	3	112	115	ES
------------------------------------------------------
126	516	52	30	44	74	ES
------------------------------------------------------
126	517	52	74	0	74	ES
------------------------------------------------------
129	2204	35	24	70	94	AS
------------------------------------------------------
135	697	71	0	64	64	EG
------------------------------------------------------
136	557	55	34	47	81	ES
------------------------------------------------------
137	975	103	0	34	34	ET
------------------------------------------------------
138	878	94	0	44	44	EG
------------------------------------------------------
141	2216	36	30	75	105	AS
------------------------------------------------------
142	974	103	24	15	39	ET
------------------------------------------------------
146	233	22	14	110	124	ES
------------------------------------------------------
149	960	102	0	47	47	ET
------------------------------------------------------
149	389	38	24	87	111	ES
------------------------------------------------------
154	641	65	36	53	89	ES
------------------------------------------------------
155	931	99	2	54	56	ET
------------------------------------------------------
156	2452	67	6	83	89	AM
------------------------------------------------------
157	919	98	0	59	59	ET
------------------------------------------------------
158	2837	122	2	34	36	AM
------------------------------------------------------
159	2241	40	33	86	119	AS
------------------------------------------------------
163	3	1	0	162	162	EG
------------------------------------------------------
170	2783	113	38	19	57	AM
------------------------------------------------------
173	917	98	49	26	75	ET
------------------------------------------------------
174	62	6	0	168	168	EG
------------------------------------------------------
175	140	13	89	73	162	EG
------------------------------------------------------
179	2761	110	10	59	69	AM
------------------------------------------------------
182	821	87	0	95	95	ET
------------------------------------------------------
185	49	5	3	177	180	ES
------------------------------------------------------
186	824	87	45	54	99	ES
------------------------------------------------------
192	2617	92	100	0	100	AS
------------------------------------------------------
192	2835	122	14	56	70	AM
------------------------------------------------------
194	2017	3	1	190	191	AM
------------------------------------------------------
195	2217	36	2	157	159	AM
------------------------------------------------------
200	897	96	0	104	104	ET
------------------------------------------------------
201	2652	98	103	0	103	AS
------------------------------------------------------
201	881	94	12	95	107	EG
------------------------------------------------------
205	157	14	107	84	191	EG
------------------------------------------------------
208	963	102	32	74	106	EG
------------------------------------------------------
209	67	6	44	159	203	EG
------------------------------------------------------
210	668	68	19	123	142	EG
------------------------------------------------------
214	879	94	87	33	120	EG
------------------------------------------------------
215	391	38	19	158	177	EG
------------------------------------------------------
215	124	12	151	52	203	EG
------------------------------------------------------
216	962	102	53	61	114	ES
------------------------------------------------------
216	2056	8	11	197	208	AS
------------------------------------------------------
217	2330	51	53	113	166	AS
------------------------------------------------------
217	673	68	101	48	149	EG
------------------------------------------------------
218	629	64	100	54	154	EG
------------------------------------------------------
221	806	85	0	136	136	ET
------------------------------------------------------
221	804	85	133	3	136	EG
------------------------------------------------------
222	822	87	98	37	135	EG
------------------------------------------------------
223	37	4	2	217	219	ES
------------------------------------------------------
223	898	96	74	53	127	EG
------------------------------------------------------
224	669	68	37	119	156	EG
------------------------------------------------------
227	626	64	163	0	163	ET
------------------------------------------------------
230	764	80	3	147	150	ET
------------------------------------------------------
234	2741	107	127	0	127	AS
------------------------------------------------------
239	503	51	0	188	188	ET
------------------------------------------------------
241	2348	54	57	130	187	AS
------------------------------------------------------
244	127	12	8	224	232	ES
------------------------------------------------------
276	2908	130	146	0	146	AS
------------------------------------------------------
280	281	27	16	237	253	ES
------------------------------------------------------
289	2420	63	73	153	226	AS
------------------------------------------------------
293	48	5	3	285	288	ES
------------------------------------------------------
295	877	94	100	101	201	ES
------------------------------------------------------
303	2450	67	76	160	236	AS
------------------------------------------------------
309	916	98	101	110	211	ES
------------------------------------------------------
309	2000	1	0	308	308	AS
------------------------------------------------------
312	2486	71	84	157	241	AS
------------------------------------------------------
320	286	27	17	276	293	ES
------------------------------------------------------
330	2040	6	7	317	324	AS
------------------------------------------------------
341	521	52	31	258	289	ES
------------------------------------------------------
342	2593	88	98	156	254	AS
------------------------------------------------------
344	532	53	132	159	291	ES
------------------------------------------------------
348	236	22	15	311	326	ES
------------------------------------------------------
350	2624	94	99	157	256	AS
------------------------------------------------------
380	533	53	33	294	327	ES
------------------------------------------------------
382	504	51	28	303	331	ES
------------------------------------------------------
384	505	51	127	206	333	ES
------------------------------------------------------
392	138	13	24	355	379	ES
------------------------------------------------------
399	2759	110	127	162	289	AS
------------------------------------------------------
409	158	14	58	337	395	ES
------------------------------------------------------
414	2362	55	63	296	359	AS
------------------------------------------------------
433	531	53	32	348	380	ES
------------------------------------------------------
446	978	103	55	288	343	ES
------------------------------------------------------
463	768	80	43	340	383	ES
------------------------------------------------------
465	83	8	18	439	457	ES
------------------------------------------------------
467	803	85	44	338	382	ES
------------------------------------------------------
469	2481	71	83	315	398	AS
------------------------------------------------------
479	2525	79	87	313	400	AS
------------------------------------------------------
483	66	6	5	472	477	ES
------------------------------------------------------
485	961	102	53	330	383	ES
------------------------------------------------------
489	234	22	39	428	467	ES
------------------------------------------------------
502	425	41	28	433	461	ES
------------------------------------------------------
517	522	52	75	390	465	ES
------------------------------------------------------
524	559	55	35	434	469	ES
------------------------------------------------------
534	2692	103	109	322	431	AS
------------------------------------------------------
549	534	53	134	362	496	ES
------------------------------------------------------
550	301	28	20	502	522	ES
------------------------------------------------------
569	932	99	102	368	470	ES
------------------------------------------------------
570	2185	32	22	516	538	AS
------------------------------------------------------
571	139	13	9	549	558	ES
------------------------------------------------------
571	2359	55	63	453	516	AS
------------------------------------------------------
577	296	28	18	531	549	ES
------------------------------------------------------
580	2021	3	5	572	577	AS
------------------------------------------------------
582	2853	124	134	324	458	AS
------------------------------------------------------
595	918	98	50	447	497	ES
------------------------------------------------------
599	354	34	23	542	565	ES
------------------------------------------------------
628	762	80	42	506	548	ES
------------------------------------------------------
630	507	51	29	550	579	ES
------------------------------------------------------
637	639	65	139	433	572	ES
------------------------------------------------------
644	231	22	14	608	622	ES
------------------------------------------------------
646	935	99	52	495	547	ES
------------------------------------------------------
651	406	39	65	547	612	ES
------------------------------------------------------
663	2567	84	94	485	579	AS
------------------------------------------------------
665	33	4	1	660	661	ES
------------------------------------------------------
674	895	96	48	530	578	ES
------------------------------------------------------
692	2295	46	50	596	646	AS
------------------------------------------------------
706	230	22	38	646	684	ES
------------------------------------------------------
714	645	65	37	612	649	ES
------------------------------------------------------
725	2737	107	123	495	618	AS
------------------------------------------------------
726	461	45	29	652	681	ES
------------------------------------------------------
736	2763	110	129	497	626	AS
------------------------------------------------------
746	972	103	54	589	643	ES
------------------------------------------------------
757	2022	3	6	748	754	AS
------------------------------------------------------
767	977	103	55	609	664	ES
------------------------------------------------------
770	36	4	8	758	766	ES
------------------------------------------------------
771	672	68	38	665	703	ES
------------------------------------------------------
773	2392	59	68	646	714	AS
------------------------------------------------------
776	959	102	53	621	674	ES
------------------------------------------------------
787	2206	35	26	726	752	AS
------------------------------------------------------
799	2960	137	155	507	662	AS
------------------------------------------------------
816	2487	71	85	660	745	AS
------------------------------------------------------
818	154	14	57	747	804	ES
------------------------------------------------------
858	206	19	71	768	839	ES
------------------------------------------------------
859	357	34	24	801	825	ES
------------------------------------------------------
898	699	71	39	788	827	ES
------------------------------------------------------
909	2729	106	121	682	803	AS
------------------------------------------------------
916	893	96	100	720	820	ES
------------------------------------------------------
923	2786	113	130	680	810	AS
------------------------------------------------------
929	2365	55	64	810	874	AS
------------------------------------------------------
940	805	85	44	811	855	ES
------------------------------------------------------
956	431	41	30	885	915	ES
------------------------------------------------------
962	763	80	42	840	882	ES
------------------------------------------------------
967	2	1	1	965	966	ES
------------------------------------------------------
972	558	55	81	836	917	ES
------------------------------------------------------
976	393	38	25	913	938	ES
------------------------------------------------------
982	246	23	16	943	959	ES
------------------------------------------------------
986	284	27	17	942	959	ES
------------------------------------------------------
994	2467	69	79	846	925	AS
------------------------------------------------------
1005	392	38	60	907	967	ES
------------------------------------------------------
1010	5	1	0	1009	1009	ES
------------------------------------------------------
1012	2134	24	16	972	988	AS
------------------------------------------------------
1026	896	96	101	829	930	ES
------------------------------------------------------
1028	957	102	52	874	926	ES
------------------------------------------------------
1034	700	71	463	500	963	ES
------------------------------------------------------
1035	463	45	29	961	990	ES
------------------------------------------------------
1044	64	6	12	1026	1038	ES
------------------------------------------------------
1044	536	53	34	957	991	ES
------------------------------------------------------
1057	426	41	123	893	1016	ES
------------------------------------------------------
1060	202	19	69	972	1041	ES
------------------------------------------------------
1071	555	55	34	982	1016	ES
------------------------------------------------------
1083	464	45	126	912	1038	ES
------------------------------------------------------
1083	297	28	18	1037	1055	ES
------------------------------------------------------
1084	283	27	46	1011	1057	ES
------------------------------------------------------
1091	356	34	58	999	1057	ES
------------------------------------------------------
1092	876	94	47	951	998	ES
------------------------------------------------------
1097	958	102	152	843	995	ES
------------------------------------------------------
1103	2333	51	54	998	1052	AS
------------------------------------------------------
1114	352	34	22	1058	1080	ES
------------------------------------------------------
1118	244	23	15	1080	1095	ES
------------------------------------------------------
1118	973	103	54	961	1015	ES
------------------------------------------------------
1119	404	39	26	1054	1080	ES
------------------------------------------------------
1120	409	39	66	1015	1081	ES
------------------------------------------------------
1123	428	41	29	1053	1082	ES
------------------------------------------------------
1125	86	8	6	1111	1117	ES
------------------------------------------------------
1139	141	13	9	1117	1126	ES
------------------------------------------------------
1146	2787	113	130	903	1033	AS
------------------------------------------------------
1151	930	99	51	1001	1052	ES
------------------------------------------------------
1158	767	80	97	981	1078	ES
------------------------------------------------------
1164	535	53	34	1077	1111	ES
------------------------------------------------------
1169	933	99	52	1018	1070	ES
------------------------------------------------------
1174	458	45	29	1100	1129	ES
------------------------------------------------------
1174	698	71	39	1064	1103	ES
------------------------------------------------------
1180	65	6	5	1169	1174	ES
------------------------------------------------------
1185	644	65	190	930	1120	ES
------------------------------------------------------
1189	298	28	49	1112	1161	ES
------------------------------------------------------
1198	125	12	8	1178	1186	ES
------------------------------------------------------
1198	2207	35	27	1136	1163	AS
------------------------------------------------------
1201	394	38	266	897	1163	ES
------------------------------------------------------
1208	295	28	48	1132	1180	ES
------------------------------------------------------
1214	126	12	8	1194	1202	ES
------------------------------------------------------
1228	899	96	49	1083	1132	ES
------------------------------------------------------
1233	2218	36	30	1167	1197	AS
------------------------------------------------------
1236	299	28	19	1189	1208	ES
------------------------------------------------------
1237	63	6	4	1227	1231	ES
------------------------------------------------------
1244	882	94	48	1102	1150	ES
------------------------------------------------------
1258	696	71	94	1093	1187	ES
------------------------------------------------------
1268	915	98	49	1121	1170	ES
------------------------------------------------------
1271	631	64	35	1172	1207	ES
------------------------------------------------------
1272	408	39	27	1206	1233	ES
------------------------------------------------------
1276	4005	1259	4	13	17	SU
------------------------------------------------------
1279	2625	94	99	1086	1185	AS
------------------------------------------------------
1279	2626	94	100	1085	1185	AS
------------------------------------------------------
1285	2657	98	105	1082	1187	AS
------------------------------------------------------
1287	2313	49	50	1188	1238	AS
------------------------------------------------------
1295	506	51	29	1215	1244	ES
------------------------------------------------------
1295	820	87	44	1164	1208	ES
------------------------------------------------------
1299	2716	105	117	1077	1194	AS
------------------------------------------------------
1302	2735	107	122	1073	1195	AS
------------------------------------------------------
1313	4014	1262	10	41	51	SU
------------------------------------------------------
1348	4026	1267	16	65	81	SU
------------------------------------------------------
1349	7	1	3	1345	1348	ES
------------------------------------------------------
1352	287	27	48	1277	1325	ES
------------------------------------------------------
1355	2562	84	90	1181	1271	AS
------------------------------------------------------
1359	4010	1262	6	91	97	SU
------------------------------------------------------
1368	355	34	23	1311	1334	ES
------------------------------------------------------
1378	4	1	0	1377	1377	ES
------------------------------------------------------
1380	826	87	45	1248	1293	ES
------------------------------------------------------
1380	2697	103	112	1165	1277	AS
------------------------------------------------------
1388	156	14	11	1363	1374	ES
------------------------------------------------------
1392	4023	1267	12	113	125	SU
------------------------------------------------------
1393	4072	1280	50	63	113	SU
------------------------------------------------------
1396	2788	113	131	1152	1283	AS
------------------------------------------------------
1398	2353	54	62	1282	1344	AS
------------------------------------------------------
1400	123	12	21	1367	1388	ES
------------------------------------------------------
1403	2855	124	135	1144	1279	AS
------------------------------------------------------
1413	2898	129	144	1140	1284	AS
------------------------------------------------------
1427	407	39	27	1361	1388	ES
------------------------------------------------------
1428	2468	69	80	1279	1359	AS
------------------------------------------------------
1432	2132	24	15	1393	1408	AS
------------------------------------------------------
1433	801	85	43	1305	1348	ES
------------------------------------------------------
1437	4168	1370	67	0	67	SU
------------------------------------------------------
1440	2544	81	90	1269	1359	AS
------------------------------------------------------
1446	2588	88	94	1264	1358	AS
------------------------------------------------------
1447	2590	88	96	1263	1359	AS
------------------------------------------------------
1450	976	103	105	1242	1347	ES
------------------------------------------------------
1453	4186	1374	79	0	79	SU
------------------------------------------------------
1459	4013	1262	9	188	197	SU
------------------------------------------------------
1463	802	85	199	1179	1378	ES
------------------------------------------------------
1467	625	64	88	1315	1403	ES
------------------------------------------------------
1480	245	23	44	1413	1457	ES
------------------------------------------------------
1481	2349	54	58	1369	1427	AS
------------------------------------------------------
1482	300	28	91	1363	1454	ES
------------------------------------------------------
1482	2785	113	129	1240	1369	AS
------------------------------------------------------
1491	2869	125	139	1227	1366	AS
------------------------------------------------------
1492	508	51	74	1367	1441	ES
------------------------------------------------------
1492	2203	35	23	1434	1457	AS
------------------------------------------------------
1499	2906	130	144	1225	1369	AS
------------------------------------------------------
1500	2909	130	147	1223	1370	AS
------------------------------------------------------
1508	39	4	2	1502	1504	ES
------------------------------------------------------
1512	825	87	45	1380	1425	ES
------------------------------------------------------
1531	766	80	42	1409	1451	ES
------------------------------------------------------
1536	282	27	46	1463	1509	ES
------------------------------------------------------
1536	53	5	4	1527	1531	ES
------------------------------------------------------
1537	2001	1	1	1535	1536	AS
------------------------------------------------------
1539	388	38	24	1477	1501	ES
------------------------------------------------------
1539	405	39	26	1474	1500	ES
------------------------------------------------------
1545	520	52	31	1462	1493	ES
------------------------------------------------------
1550	47	5	73	1472	1545	ES
------------------------------------------------------
1552	670	68	93	1391	1484	ES
------------------------------------------------------
1555	84	8	6	1541	1547	ES
------------------------------------------------------
1558	142	13	26	1519	1545	ES
------------------------------------------------------
1560	2329	51	53	1456	1509	AS
------------------------------------------------------
1562	518	52	31	1479	1510	ES
------------------------------------------------------
1562	936	99	103	1360	1463	ES
------------------------------------------------------
1566	823	87	99	1380	1479	ES
------------------------------------------------------
1575	502	51	28	1496	1524	ES
------------------------------------------------------
1580	204	19	13	1548	1561	ES
------------------------------------------------------
1583	203	19	13	1551	1564	ES
------------------------------------------------------
1584	88	8	7	1569	1576	ES
------------------------------------------------------
1585	2023	3	6	1576	1582	AS
------------------------------------------------------
1588	2387	59	66	1463	1529	AS
------------------------------------------------------
1594	429	41	29	1524	1553	ES
------------------------------------------------------
1600	2416	63	70	1467	1537	AS
------------------------------------------------------
1602	807	85	99	1418	1517	ES
------------------------------------------------------
1603	353	34	158	1411	1569	ES
------------------------------------------------------
1605	2957	137	154	1314	1468	AS
------------------------------------------------------
1607	201	19	12	1576	1588	ES
------------------------------------------------------
1610	894	96	48	1466	1514	ES
------------------------------------------------------
1620	674	68	38	1514	1552	ES
------------------------------------------------------
1620	403	39	26	1555	1581	ES
------------------------------------------------------
1620	920	98	151	1371	1522	ES
------------------------------------------------------

Earth Army

Total Units: 219
ES	Total: 170 Alive: 0 Destructed: 170 Percentage Destructed: 100%
ET	Total: 18 Alive: 0 Destructed: 18 Percentage Destructed: 100%
EG	Total: 21 Alive: 0 Destructed: 21 Percentage Destructed: 100%
HU	Total: 10 Alive: 0 Destructed: 10 Percentage Destructed: 100%

Total Destructed: 219
Percentage Destructed: 100%
Total Infected: 118 Percentage Infected: 69.4118%

Average Df: 44.9041
Average Dd: 659.132
Average Db: 704.037
Df/Db Ratio: 6.37809%
Dd/Db Ratio: 93.6219%
------------------------------------------------------

Alien Army

Total Units: 308
AD	Total: 30 Alive: 28 Destructed: 2 Percentage Destructed: 6.66667%
AM	Total: 50 Alive: 31 Destructed: 19 Percentage Destructed: 38%
AS	Total: 228 Alive: 148 Destructed: 80 Percentage Destructed: 35.0877%

Total Destructed: 101
Percentage Destructed: 32.7922%

Average Df: 63.6238
Average Dd: 558.644
Average Db: 622.267
Df/Db Ratio: 10.2245%
Dd/Db Ratio: 89.7755%
------------------------------------------------------

Battle Results: 
Finish Timestep: 1620
Aliens Won
------------------------------------------------------
